100 88
1 42
2 71
2 74
3 22
3 41
3 61
6 17
7 73
8 19
9 37
11 99
12 91
13 3
13 30
14 47
15 70
16 20
17 57
18 26
19 17
21 20
21 61
21 77
22 67
23 2
23 28
24 49
24 51
24 77
25 51
26 7
31 81
33 60
34 62
36 1
36 3
37 30
38 75
41 72
43 10
45 36
45 79
46 12
47 29
47 71
49 59
51 66
51 83
52 94
54 56
55 44
55 57
57 60
58 5
59 51
59 74
59 96
60 81
64 18
64 99
65 13
67 44
69 74
70 10
70 100
72 72
72 79
73 19
73 62
74 31
75 2
76 62
80 71
81 6
83 45
83 56
84 89
87 41
87 59
91 30
91 34
92 71
95 25
96 59
98 22
98 48
99 74
100 86
