200 1
1 2
1 5
1 6
1 8
1 10
1 12
1 14
1 15
1 17
1 21
1 29
1 30
1 31
1 34
1 38
1 39
1 41
1 42
1 44
1 45
1 46
1 53
1 56
1 58
1 62
1 64
1 71
1 74
1 75
1 76
1 78
1 80
1 81
1 84
1 86
1 87
1 89
1 90
1 93
1 95
1 99
1 102
1 108
1 115
1 117
1 122
1 123
1 133
1 134
1 135
1 136
1 141
1 142
1 143
1 144
1 149
1 150
1 153
1 156
1 157
1 158
1 160
1 164
1 166
1 174
1 176
1 177
1 181
1 184
1 187
1 189
1 191
1 195
2 3
2 4
2 8
2 10
2 17
2 19
2 21
2 22
2 25
2 27
2 28
2 29
2 36
2 45
2 48
2 54
2 56
2 58
2 60
2 62
2 63
2 64
2 66
2 67
2 74
2 77
2 79
2 86
2 92
2 100
2 101
2 110
2 123
2 125
2 129
2 130
2 131
2 134
2 141
2 144
2 152
2 155
2 156
2 159
2 161
2 163
2 165
2 166
2 167
2 173
2 184
2 192
2 195
2 198
3 5
3 6
3 11
3 12
3 23
3 26
3 28
3 29
3 32
3 35
3 36
3 39
3 44
3 52
3 59
3 63
3 64
3 66
3 79
3 81
3 84
3 89
3 90
3 91
3 98
3 104
3 105
3 106
3 116
3 121
3 124
3 127
3 140
3 141
3 144
3 146
3 148
3 165
3 168
3 169
3 171
3 172
3 174
3 188
3 192
3 197
4 2
4 4
4 5
4 6
4 10
4 13
4 18
4 24
4 29
4 37
4 44
4 47
4 48
4 51
4 56
4 58
4 61
4 72
4 73
4 76
4 79
4 80
4 88
4 90
4 92
4 93
4 95
4 96
4 98
4 99
4 100
4 102
4 104
4 105
4 109
4 110
4 112
4 115
4 117
4 119
4 126
4 127
4 128
4 149
4 151
4 154
4 156
4 176
4 181
4 182
4 185
4 187
4 195
4 196
4 197
5 1
5 6
5 7
5 8
5 12
5 14
5 25
5 27
5 30
5 35
5 36
5 39
5 41
5 42
5 46
5 47
5 52
5 53
5 55
5 56
5 57
5 61
5 62
5 65
5 71
5 74
5 79
5 92
5 93
5 95
5 96
5 98
5 103
5 104
5 106
5 108
5 110
5 111
5 120
5 121
5 124
5 127
5 128
5 130
5 132
5 134
5 135
5 141
5 145
5 153
5 155
5 161
5 162
5 165
5 166
5 167
5 168
5 173
5 176
5 177
5 179
5 183
5 186
5 196
6 10
6 12
6 14
6 15
6 17
6 18
6 19
6 24
6 30
6 36
6 38
6 40
6 42
6 43
6 46
6 47
6 50
6 51
6 56
6 58
6 62
6 63
6 65
6 70
6 73
6 79
6 81
6 86
6 92
6 93
6 94
6 98
6 109
6 111
6 112
6 113
6 114
6 116
6 118
6 121
6 123
6 126
6 127
6 130
6 137
6 142
6 155
6 159
6 160
6 166
6 168
6 175
6 177
6 178
6 180
6 184
6 186
6 187
6 189
6 190
6 191
6 196
6 198
6 200
7 1
7 2
7 3
7 6
7 9
7 19
7 20
7 21
7 28
7 29
7 31
7 35
7 38
7 40
7 47
7 51
7 55
7 71
7 74
7 84
7 91
7 92
7 95
7 96
7 98
7 99
7 100
7 115
7 116
7 117
7 118
7 119
7 122
7 123
7 124
7 125
7 126
7 127
7 135
7 136
7 139
7 142
7 143
7 147
7 148
7 149
7 152
7 157
7 158
7 159
7 160
7 166
7 167
7 168
7 170
7 172
7 175
7 176
7 185
7 196
7 198
8 3
8 8
8 11
8 15
8 20
8 29
8 33
8 36
8 37
8 39
8 44
8 48
8 59
8 62
8 63
8 66
8 67
8 69
8 73
8 77
8 82
8 83
8 91
8 92
8 100
8 103
8 105
8 107
8 108
8 109
8 110
8 117
8 125
8 127
8 129
8 130
8 134
8 138
8 144
8 146
8 148
8 149
8 150
8 151
8 160
8 167
8 171
8 177
8 179
8 180
8 181
8 184
8 187
8 189
8 192
8 196
8 200
9 2
9 5
9 7
9 11
9 12
9 21
9 23
9 24
9 25
9 27
9 28
9 30
9 33
9 35
9 36
9 38
9 40
9 41
9 46
9 47
9 49
9 51
9 53
9 56
9 60
9 62
9 72
9 76
9 79
9 84
9 86
9 87
9 112
9 117
9 118
9 120
9 132
9 134
9 138
9 141
9 145
9 150
9 152
9 153
9 158
9 159
9 169
9 170
9 172
9 173
9 176
9 190
9 195
10 1
10 5
10 13
10 17
10 20
10 27
10 29
10 34
10 37
10 38
10 48
10 58
10 59
10 61
10 62
10 66
10 67
10 69
10 72
10 84
10 85
10 88
10 92
10 93
10 103
10 107
10 112
10 113
10 116
10 133
10 135
10 136
10 138
10 139
10 144
10 151
10 153
10 160
10 161
10 164
10 169
10 170
10 171
10 173
10 177
10 178
10 179
10 180
10 181
10 184
10 185
10 187
10 188
10 196
10 200
11 1
11 3
11 4
11 10
11 11
11 13
11 15
11 17
11 20
11 32
11 35
11 36
11 37
11 40
11 49
11 52
11 53
11 57
11 61
11 65
11 73
11 77
11 80
11 81
11 83
11 84
11 86
11 90
11 99
11 100
11 102
11 105
11 107
11 108
11 110
11 112
11 115
11 117
11 118
11 119
11 120
11 124
11 125
11 126
11 127
11 130
11 132
11 135
11 137
11 142
11 147
11 148
11 154
11 155
11 157
11 166
11 169
11 175
11 176
11 182
11 183
11 184
11 189
11 191
11 194
11 197
11 198
12 6
12 9
12 12
12 15
12 25
12 26
12 27
12 30
12 31
12 35
12 36
12 38
12 43
12 48
12 52
12 55
12 60
12 61
12 62
12 67
12 71
12 79
12 81
12 82
12 83
12 85
12 86
12 88
12 92
12 99
12 106
12 112
12 116
12 121
12 124
12 125
12 126
12 128
12 130
12 131
12 132
12 139
12 143
12 150
12 152
12 153
12 154
12 157
12 159
12 162
12 168
12 169
12 170
12 173
12 181
12 183
12 184
12 187
12 190
12 193
12 195
12 197
12 198
12 200
13 1
13 10
13 18
13 35
13 38
13 40
13 41
13 49
13 50
13 52
13 61
13 63
13 71
13 73
13 74
13 76
13 77
13 78
13 79
13 80
13 83
13 86
13 90
13 93
13 95
13 97
13 98
13 101
13 110
13 111
13 114
13 115
13 117
13 125
13 133
13 135
13 144
13 145
13 150
13 155
13 159
13 164
13 170
13 176
13 177
13 184
13 188
13 189
13 191
13 195
13 196
13 197
14 3
14 5
14 7
14 9
14 11
14 12
14 13
14 14
14 15
14 18
14 22
14 30
14 32
14 35
14 37
14 39
14 42
14 43
14 45
14 47
14 50
14 51
14 60
14 61
14 63
14 65
14 78
14 79
14 80
14 85
14 86
14 95
14 99
14 100
14 105
14 108
14 109
14 116
14 118
14 121
14 124
14 125
14 130
14 132
14 133
14 135
14 136
14 137
14 138
14 141
14 144
14 146
14 149
14 153
14 155
14 161
14 162
14 164
14 167
14 171
14 172
14 173
14 177
14 186
14 193
14 194
14 197
15 4
15 11
15 13
15 15
15 27
15 30
15 32
15 34
15 39
15 40
15 44
15 49
15 52
15 55
15 59
15 63
15 64
15 65
15 66
15 68
15 71
15 82
15 83
15 86
15 87
15 90
15 91
15 94
15 95
15 98
15 101
15 106
15 107
15 110
15 117
15 120
15 132
15 136
15 137
15 138
15 154
15 157
15 158
15 159
15 160
15 163
15 169
15 172
15 173
15 176
15 179
15 181
15 187
15 194
15 200
16 10
16 13
16 16
16 21
16 22
16 30
16 32
16 33
16 34
16 36
16 41
16 43
16 49
16 54
16 60
16 61
16 63
16 67
16 69
16 72
16 74
16 83
16 84
16 90
16 92
16 93
16 95
16 99
16 101
16 102
16 104
16 106
16 108
16 111
16 114
16 119
16 124
16 127
16 133
16 138
16 139
16 143
16 144
16 146
16 147
16 149
16 153
16 159
16 162
16 164
16 167
16 168
16 175
16 176
16 177
16 179
16 183
16 188
16 192
16 194
16 199
17 8
17 10
17 12
17 18
17 22
17 25
17 30
17 33
17 37
17 38
17 40
17 43
17 46
17 47
17 48
17 52
17 53
17 55
17 56
17 58
17 59
17 63
17 66
17 67
17 69
17 73
17 74
17 76
17 77
17 78
17 80
17 83
17 86
17 93
17 104
17 106
17 108
17 109
17 111
17 118
17 120
17 121
17 122
17 123
17 125
17 128
17 139
17 146
17 150
17 151
17 156
17 161
17 163
17 173
17 178
17 180
17 181
17 182
17 186
17 187
17 189
17 190
17 192
17 196
17 197
17 198
18 1
18 10
18 11
18 13
18 15
18 21
18 26
18 30
18 31
18 35
18 38
18 41
18 43
18 45
18 49
18 52
18 56
18 60
18 62
18 63
18 66
18 71
18 73
18 76
18 77
18 78
18 80
18 83
18 84
18 86
18 87
18 91
18 98
18 100
18 104
18 108
18 109
18 110
18 120
18 122
18 129
18 134
18 136
18 137
18 140
18 142
18 145
18 148
18 150
18 156
18 158
18 166
18 169
18 170
18 171
18 172
18 173
18 182
18 183
18 189
18 191
18 192
18 195
18 200
19 10
19 12
19 13
19 14
19 19
19 20
19 21
19 23
19 31
19 33
19 35
19 39
19 42
19 50
19 52
19 54
19 56
19 59
19 66
19 68
19 70
19 71
19 72
19 73
19 78
19 82
19 84
19 85
19 86
19 90
19 91
19 99
19 104
19 110
19 114
19 118
19 120
19 121
19 128
19 129
19 130
19 133
19 137
19 139
19 143
19 148
19 151
19 153
19 155
19 157
19 160
19 162
19 167
19 168
19 171
19 175
19 179
19 195
19 197
19 200
20 1
20 3
20 4
20 5
20 7
20 9
20 15
20 17
20 19
20 20
20 23
20 25
20 33
20 35
20 36
20 47
20 50
20 56
20 57
20 59
20 66
20 68
20 69
20 73
20 78
20 79
20 81
20 84
20 87
20 90
20 93
20 97
20 101
20 103
20 104
20 105
20 108
20 109
20 110
20 112
20 114
20 118
20 124
20 126
20 137
20 140
20 141
20 146
20 155
20 157
20 161
20 170
20 173
20 177
20 180
20 182
20 186
20 190
20 191
20 194
20 195
20 197
20 199
21 5
21 13
21 15
21 26
21 27
21 31
21 32
21 33
21 35
21 42
21 50
21 58
21 65
21 67
21 70
21 72
21 76
21 79
21 84
21 88
21 91
21 95
21 96
21 99
21 100
21 103
21 105
21 112
21 113
21 115
21 119
21 120
21 122
21 123
21 128
21 129
21 131
21 132
21 136
21 143
21 144
21 150
21 151
21 152
21 155
21 163
21 164
21 167
21 168
21 172
21 177
21 181
21 192
21 200
22 2
22 5
22 16
22 18
22 21
22 24
22 41
22 47
22 48
22 49
22 53
22 57
22 69
22 74
22 78
22 81
22 84
22 86
22 87
22 89
22 91
22 93
22 97
22 98
22 101
22 102
22 108
22 109
22 111
22 114
22 122
22 123
22 124
22 125
22 133
22 136
22 141
22 143
22 151
22 152
22 155
22 166
22 168
22 175
22 178
22 179
22 180
22 182
22 186
22 192
22 194
22 199
22 200
23 1
23 2
23 7
23 14
23 16
23 20
23 21
23 31
23 37
23 39
23 41
23 45
23 47
23 48
23 49
23 51
23 52
23 55
23 59
23 67
23 68
23 69
23 82
23 83
23 85
23 87
23 90
23 91
23 92
23 93
23 94
23 105
23 108
23 112
23 115
23 117
23 119
23 120
23 123
23 126
23 127
23 130
23 135
23 137
23 138
23 143
23 145
23 154
23 156
23 164
23 165
23 172
23 174
23 175
23 183
23 193
23 197
23 198
24 4
24 8
24 13
24 19
24 21
24 26
24 32
24 34
24 36
24 41
24 45
24 48
24 54
24 56
24 57
24 61
24 63
24 73
24 76
24 80
24 91
24 93
24 95
24 96
24 101
24 108
24 110
24 111
24 120
24 122
24 125
24 127
24 128
24 130
24 134
24 138
24 140
24 143
24 145
24 148
24 149
24 151
24 158
24 164
24 171
24 173
24 176
24 178
24 180
24 181
24 187
24 188
24 193
24 194
24 195
24 199
25 1
25 2
25 6
25 14
25 18
25 26
25 27
25 33
25 36
25 37
25 39
25 41
25 42
25 43
25 59
25 63
25 65
25 67
25 70
25 73
25 75
25 76
25 83
25 84
25 85
25 90
25 92
25 93
25 95
25 98
25 100
25 103
25 107
25 113
25 115
25 116
25 119
25 127
25 128
25 133
25 134
25 138
25 141
25 142
25 146
25 148
25 149
25 150
25 153
25 155
25 156
25 159
25 164
25 167
25 170
25 171
25 177
25 180
25 181
25 184
25 185
25 189
25 191
25 192
25 193
25 198
26 1
26 2
26 5
26 10
26 11
26 13
26 14
26 17
26 26
26 33
26 40
26 42
26 45
26 47
26 49
26 56
26 57
26 63
26 65
26 66
26 69
26 70
26 72
26 77
26 81
26 82
26 87
26 90
26 94
26 100
26 105
26 106
26 107
26 108
26 113
26 114
26 116
26 120
26 121
26 122
26 125
26 131
26 135
26 140
26 141
26 145
26 149
26 150
26 153
26 154
26 159
26 160
26 162
26 163
26 169
26 170
26 171
26 172
26 173
26 175
26 199
27 5
27 6
27 7
27 14
27 15
27 17
27 31
27 34
27 36
27 37
27 38
27 39
27 40
27 43
27 49
27 54
27 59
27 64
27 67
27 69
27 72
27 73
27 76
27 83
27 84
27 89
27 92
27 94
27 98
27 100
27 113
27 116
27 117
27 121
27 125
27 140
27 141
27 146
27 151
27 153
27 168
27 170
27 171
27 172
27 176
27 178
27 184
27 185
27 189
27 190
27 194
27 195
28 1
28 2
28 4
28 8
28 19
28 20
28 21
28 28
28 32
28 33
28 35
28 38
28 49
28 50
28 68
28 71
28 77
28 79
28 81
28 82
28 85
28 87
28 89
28 90
28 93
28 97
28 99
28 105
28 108
28 117
28 121
28 123
28 124
28 126
28 128
28 130
28 134
28 137
28 141
28 143
28 145
28 151
28 153
28 156
28 157
28 162
28 164
28 165
28 171
28 176
28 182
28 183
28 185
28 186
28 190
28 191
28 198
29 1
29 9
29 15
29 21
29 23
29 26
29 27
29 34
29 37
29 41
29 43
29 51
29 53
29 55
29 60
29 62
29 65
29 73
29 76
29 87
29 90
29 92
29 93
29 98
29 100
29 101
29 107
29 108
29 117
29 121
29 122
29 125
29 126
29 128
29 132
29 134
29 135
29 137
29 139
29 140
29 144
29 145
29 147
29 154
29 156
29 161
29 162
29 163
29 164
29 165
29 166
29 169
29 172
29 178
29 180
29 183
29 184
29 188
29 190
29 192
29 193
29 195
29 197
29 199
30 3
30 6
30 8
30 11
30 12
30 16
30 18
30 24
30 26
30 27
30 30
30 34
30 43
30 45
30 46
30 47
30 48
30 49
30 50
30 55
30 56
30 59
30 60
30 61
30 67
30 74
30 77
30 81
30 92
30 93
30 97
30 98
30 103
30 117
30 120
30 121
30 122
30 125
30 129
30 134
30 137
30 140
30 143
30 144
30 152
30 157
30 160
30 169
30 173
30 175
30 178
30 179
30 181
30 182
30 186
30 188
30 189
30 191
30 192
30 194
30 196
31 5
31 17
31 18
31 19
31 20
31 21
31 23
31 25
31 26
31 29
31 35
31 39
31 41
31 42
31 44
31 48
31 54
31 55
31 61
31 63
31 69
31 70
31 71
31 73
31 77
31 78
31 83
31 85
31 96
31 105
31 107
31 109
31 110
31 111
31 114
31 117
31 122
31 125
31 126
31 128
31 134
31 135
31 140
31 144
31 145
31 150
31 152
31 155
31 161
31 165
31 167
31 169
31 172
31 177
31 179
31 182
31 183
31 187
31 188
31 189
31 190
31 193
31 195
31 196
31 198
31 199
32 4
32 12
32 13
32 21
32 23
32 25
32 26
32 35
32 37
32 39
32 40
32 43
32 44
32 45
32 60
32 64
32 69
32 73
32 74
32 77
32 82
32 83
32 84
32 89
32 92
32 94
32 96
32 99
32 102
32 103
32 105
32 106
32 109
32 111
32 113
32 119
32 121
32 123
32 125
32 127
32 135
32 136
32 140
32 142
32 144
32 145
32 146
32 147
32 149
32 151
32 154
32 157
32 159
32 161
32 162
32 163
32 169
32 172
32 173
32 176
32 177
32 179
32 184
32 185
32 189
32 191
32 194
32 196
33 1
33 2
33 4
33 6
33 8
33 13
33 20
33 26
33 30
33 33
33 36
33 38
33 39
33 48
33 49
33 52
33 54
33 60
33 66
33 68
33 71
33 72
33 77
33 78
33 80
33 83
33 87
33 90
33 92
33 95
33 96
33 105
33 106
33 108
33 109
33 114
33 116
33 122
33 123
33 125
33 134
33 137
33 138
33 142
33 144
33 148
33 151
33 152
33 156
33 157
33 158
33 159
33 160
33 164
33 166
33 167
33 170
33 171
33 172
33 173
33 175
33 176
33 182
33 184
33 187
33 189
33 194
33 197
33 200
34 11
34 12
34 14
34 17
34 19
34 21
34 24
34 25
34 28
34 29
34 32
34 35
34 39
34 45
34 50
34 59
34 60
34 61
34 62
34 63
34 73
34 75
34 77
34 83
34 89
34 111
34 115
34 118
34 120
34 135
34 139
34 143
34 144
34 145
34 148
34 151
34 154
34 171
34 175
34 176
34 178
34 180
34 184
34 187
34 191
34 197
34 198
34 199
34 200
35 2
35 3
35 5
35 7
35 14
35 29
35 32
35 36
35 38
35 40
35 42
35 45
35 46
35 48
35 52
35 55
35 57
35 60
35 64
35 68
35 80
35 81
35 85
35 90
35 91
35 92
35 93
35 96
35 98
35 101
35 104
35 108
35 110
35 111
35 116
35 128
35 129
35 132
35 139
35 145
35 146
35 149
35 151
35 157
35 158
35 159
35 161
35 170
35 173
35 179
35 180
35 181
35 182
35 183
35 192
35 193
35 194
35 197
35 199
35 200
36 1
36 3
36 4
36 8
36 9
36 14
36 17
36 20
36 25
36 27
36 29
36 30
36 43
36 44
36 48
36 49
36 57
36 68
36 71
36 78
36 82
36 86
36 91
36 95
36 102
36 109
36 122
36 123
36 124
36 129
36 133
36 137
36 140
36 146
36 150
36 161
36 168
36 170
36 172
36 174
36 175
36 181
36 182
36 187
36 188
36 193
36 196
36 198
37 3
37 4
37 5
37 10
37 13
37 14
37 18
37 23
37 24
37 25
37 31
37 33
37 34
37 35
37 40
37 42
37 43
37 44
37 47
37 49
37 52
37 53
37 55
37 56
37 57
37 59
37 64
37 67
37 68
37 72
37 73
37 77
37 82
37 83
37 85
37 88
37 96
37 110
37 111
37 114
37 116
37 118
37 119
37 121
37 126
37 127
37 133
37 135
37 137
37 138
37 140
37 142
37 144
37 145
37 147
37 149
37 151
37 153
37 156
37 161
37 162
37 164
37 165
37 167
37 169
37 170
37 172
37 176
37 177
37 178
37 179
37 181
37 183
37 185
37 189
37 190
37 191
37 195
37 199
38 1
38 3
38 4
38 7
38 10
38 16
38 18
38 19
38 25
38 30
38 36
38 40
38 42
38 44
38 45
38 47
38 52
38 54
38 62
38 63
38 64
38 65
38 75
38 77
38 80
38 83
38 88
38 89
38 94
38 101
38 103
38 104
38 105
38 111
38 124
38 125
38 126
38 130
38 143
38 149
38 155
38 158
38 160
38 164
38 165
38 166
38 171
38 172
38 174
38 176
38 178
38 179
38 182
38 185
38 191
38 192
38 195
38 199
38 200
39 8
39 12
39 17
39 20
39 22
39 23
39 24
39 30
39 31
39 38
39 42
39 43
39 44
39 46
39 48
39 54
39 56
39 57
39 58
39 59
39 60
39 63
39 65
39 68
39 70
39 81
39 82
39 84
39 85
39 86
39 88
39 93
39 95
39 97
39 106
39 107
39 110
39 112
39 114
39 116
39 123
39 125
39 129
39 140
39 141
39 146
39 149
39 151
39 152
39 153
39 154
39 155
39 156
39 160
39 183
39 184
39 189
39 191
39 193
39 195
39 197
39 200
40 2
40 6
40 9
40 11
40 13
40 20
40 25
40 27
40 30
40 34
40 35
40 36
40 43
40 50
40 52
40 55
40 58
40 63
40 81
40 82
40 84
40 86
40 88
40 89
40 94
40 96
40 100
40 103
40 104
40 109
40 110
40 114
40 116
40 119
40 120
40 125
40 128
40 131
40 132
40 142
40 145
40 146
40 149
40 152
40 153
40 156
40 164
40 167
40 170
40 172
40 173
40 175
40 177
40 178
40 179
40 182
40 183
40 184
40 187
40 188
40 189
40 191
40 192
40 194
40 196
40 197
40 198
41 5
41 9
41 10
41 17
41 27
41 28
41 29
41 32
41 33
41 39
41 41
41 43
41 46
41 48
41 49
41 50
41 57
41 58
41 63
41 66
41 69
41 74
41 81
41 82
41 87
41 88
41 99
41 111
41 112
41 115
41 116
41 132
41 134
41 135
41 138
41 140
41 147
41 151
41 156
41 159
41 169
41 171
41 182
41 186
41 187
41 191
41 193
42 2
42 3
42 7
42 8
42 10
42 14
42 15
42 16
42 19
42 21
42 26
42 27
42 28
42 31
42 33
42 36
42 41
42 44
42 50
42 52
42 55
42 56
42 57
42 59
42 60
42 63
42 64
42 71
42 73
42 75
42 76
42 79
42 83
42 87
42 90
42 91
42 92
42 95
42 98
42 100
42 101
42 107
42 109
42 110
42 116
42 122
42 124
42 125
42 126
42 130
42 132
42 133
42 134
42 138
42 146
42 147
42 148
42 149
42 152
42 154
42 156
42 157
42 158
42 160
42 164
42 165
42 166
42 172
42 173
42 174
42 180
42 182
42 183
42 184
42 185
42 187
42 194
42 196
43 5
43 11
43 14
43 15
43 17
43 19
43 20
43 21
43 24
43 26
43 27
43 34
43 35
43 38
43 41
43 46
43 47
43 50
43 61
43 64
43 66
43 70
43 71
43 72
43 79
43 87
43 88
43 100
43 101
43 102
43 103
43 107
43 113
43 116
43 119
43 127
43 131
43 132
43 133
43 138
43 142
43 143
43 144
43 150
43 154
43 155
43 157
43 160
43 168
43 169
43 173
43 175
43 181
43 182
43 190
43 195
43 196
44 6
44 7
44 8
44 15
44 16
44 18
44 19
44 20
44 21
44 26
44 28
44 32
44 41
44 43
44 46
44 48
44 50
44 52
44 54
44 55
44 57
44 61
44 62
44 69
44 71
44 73
44 82
44 91
44 95
44 97
44 103
44 106
44 107
44 110
44 113
44 117
44 118
44 119
44 120
44 121
44 125
44 133
44 137
44 141
44 144
44 146
44 152
44 163
44 166
44 168
44 173
44 178
44 182
44 183
44 192
44 197
44 199
45 1
45 2
45 9
45 14
45 15
45 16
45 18
45 27
45 30
45 34
45 39
45 42
45 46
45 48
45 55
45 56
45 60
45 61
45 62
45 69
45 70
45 73
45 75
45 84
45 86
45 91
45 93
45 94
45 97
45 101
45 108
45 111
45 115
45 116
45 119
45 124
45 125
45 127
45 129
45 136
45 138
45 139
45 146
45 148
45 152
45 155
45 156
45 157
45 158
45 161
45 171
45 172
45 174
45 176
45 177
45 179
45 182
45 183
45 186
45 190
45 195
46 2
46 3
46 15
46 16
46 24
46 25
46 26
46 30
46 31
46 32
46 34
46 44
46 47
46 48
46 49
46 50
46 51
46 53
46 54
46 58
46 61
46 64
46 68
46 69
46 70
46 71
46 74
46 82
46 83
46 86
46 87
46 94
46 96
46 97
46 100
46 101
46 103
46 107
46 113
46 120
46 123
46 136
46 145
46 147
46 150
46 151
46 153
46 155
46 158
46 159
46 160
46 161
46 165
46 166
46 168
46 175
46 176
46 181
46 188
46 192
46 200
47 5
47 9
47 15
47 16
47 21
47 22
47 27
47 38
47 42
47 43
47 53
47 54
47 56
47 57
47 58
47 60
47 62
47 63
47 65
47 68
47 80
47 81
47 82
47 85
47 87
47 91
47 93
47 98
47 104
47 113
47 117
47 118
47 120
47 128
47 130
47 131
47 132
47 137
47 138
47 140
47 143
47 149
47 150
47 162
47 163
47 165
47 174
47 182
47 183
47 188
47 198
47 199
47 200
48 2
48 4
48 8
48 10
48 12
48 14
48 15
48 18
48 19
48 23
48 24
48 25
48 26
48 31
48 34
48 38
48 42
48 44
48 48
48 50
48 52
48 53
48 54
48 59
48 61
48 62
48 63
48 76
48 77
48 81
48 83
48 84
48 85
48 86
48 87
48 89
48 94
48 95
48 97
48 98
48 102
48 104
48 105
48 107
48 108
48 111
48 113
48 128
48 131
48 133
48 136
48 140
48 143
48 144
48 145
48 146
48 154
48 158
48 163
48 165
48 167
48 172
48 174
48 178
48 179
48 180
48 183
48 185
48 191
48 194
48 195
48 199
49 2
49 7
49 15
49 16
49 17
49 20
49 21
49 24
49 30
49 31
49 32
49 38
49 41
49 47
49 51
49 53
49 56
49 57
49 60
49 61
49 62
49 68
49 71
49 73
49 74
49 78
49 84
49 85
49 89
49 91
49 92
49 95
49 98
49 101
49 105
49 112
49 115
49 117
49 120
49 124
49 126
49 130
49 136
49 138
49 139
49 140
49 144
49 145
49 149
49 150
49 151
49 152
49 153
49 154
49 159
49 161
49 164
49 167
49 173
49 175
49 180
49 181
49 185
49 187
49 196
49 198
50 2
50 3
50 7
50 11
50 16
50 19
50 23
50 27
50 30
50 35
50 39
50 40
50 42
50 43
50 44
50 45
50 46
50 53
50 54
50 56
50 58
50 59
50 63
50 66
50 68
50 69
50 71
50 76
50 77
50 79
50 85
50 86
50 89
50 90
50 92
50 94
50 96
50 98
50 99
50 109
50 118
50 125
50 130
50 135
50 136
50 137
50 140
50 145
50 146
50 149
50 150
50 151
50 152
50 161
50 162
50 167
50 170
50 171
50 180
50 182
50 184
50 185
50 187
50 189
50 191
50 194
50 196
50 200
51 3
51 5
51 7
51 8
51 10
51 13
51 19
51 25
51 28
51 29
51 37
51 39
51 51
51 53
51 57
51 60
51 63
51 66
51 73
51 76
51 77
51 82
51 84
51 86
51 93
51 95
51 96
51 97
51 98
51 99
51 102
51 108
51 118
51 120
51 121
51 122
51 132
51 135
51 140
51 144
51 145
51 146
51 150
51 152
51 156
51 159
51 160
51 161
51 167
51 170
51 174
51 175
51 176
51 181
51 183
51 190
51 197
51 198
51 200
52 3
52 5
52 13
52 14
52 18
52 19
52 22
52 23
52 25
52 27
52 33
52 34
52 36
52 39
52 50
52 59
52 63
52 84
52 87
52 89
52 90
52 91
52 92
52 96
52 98
52 99
52 100
52 102
52 106
52 107
52 113
52 120
52 127
52 128
52 129
52 131
52 132
52 136
52 137
52 142
52 147
52 149
52 154
52 155
52 157
52 163
52 166
52 167
52 168
52 171
52 175
52 177
52 179
52 181
52 182
52 187
52 188
52 189
52 191
52 195
52 196
52 197
52 198
53 4
53 5
53 11
53 13
53 19
53 21
53 22
53 23
53 26
53 32
53 34
53 36
53 39
53 43
53 45
53 47
53 50
53 51
53 52
53 53
53 62
53 67
53 73
53 74
53 81
53 82
53 83
53 84
53 86
53 88
53 91
53 94
53 99
53 107
53 108
53 109
53 115
53 121
53 122
53 124
53 134
53 135
53 146
53 147
53 152
53 153
53 157
53 165
53 168
53 169
53 170
53 171
53 178
53 181
53 183
53 184
53 187
53 188
53 196
53 198
54 2
54 8
54 9
54 10
54 11
54 26
54 33
54 35
54 37
54 40
54 41
54 42
54 45
54 51
54 53
54 54
54 56
54 57
54 60
54 63
54 64
54 65
54 67
54 71
54 72
54 76
54 78
54 81
54 82
54 87
54 90
54 93
54 96
54 97
54 98
54 101
54 109
54 112
54 114
54 115
54 116
54 118
54 120
54 122
54 128
54 135
54 140
54 143
54 145
54 148
54 161
54 162
54 163
54 166
54 167
54 171
54 175
54 176
54 177
54 178
54 179
54 180
54 182
54 187
54 195
54 196
54 197
55 3
55 10
55 11
55 12
55 16
55 19
55 20
55 22
55 26
55 32
55 35
55 36
55 39
55 45
55 55
55 57
55 59
55 61
55 65
55 66
55 69
55 70
55 72
55 75
55 76
55 78
55 79
55 80
55 81
55 83
55 86
55 87
55 89
55 90
55 92
55 94
55 95
55 96
55 99
55 100
55 101
55 103
55 114
55 116
55 117
55 118
55 124
55 134
55 135
55 136
55 141
55 143
55 144
55 146
55 148
55 149
55 152
55 153
55 168
55 177
55 179
55 186
55 187
55 190
55 198
56 2
56 16
56 23
56 25
56 26
56 28
56 33
56 39
56 40
56 44
56 48
56 49
56 51
56 52
56 53
56 56
56 58
56 63
56 64
56 66
56 69
56 70
56 71
56 72
56 81
56 85
56 87
56 89
56 92
56 96
56 101
56 111
56 112
56 114
56 117
56 126
56 128
56 130
56 131
56 135
56 138
56 140
56 144
56 145
56 148
56 151
56 157
56 158
56 160
56 172
56 175
56 184
56 186
56 187
56 188
56 193
57 4
57 7
57 10
57 11
57 13
57 14
57 18
57 22
57 25
57 29
57 31
57 33
57 36
57 42
57 44
57 45
57 51
57 52
57 55
57 59
57 61
57 62
57 64
57 74
57 78
57 81
57 83
57 84
57 86
57 87
57 96
57 104
57 118
57 122
57 126
57 127
57 130
57 132
57 134
57 137
57 138
57 139
57 142
57 145
57 149
57 157
57 162
57 164
57 170
57 173
57 180
57 185
57 186
57 187
57 192
57 193
57 196
58 1
58 6
58 16
58 19
58 23
58 28
58 30
58 34
58 35
58 37
58 38
58 40
58 43
58 47
58 52
58 54
58 55
58 62
58 63
58 64
58 71
58 72
58 75
58 76
58 79
58 86
58 98
58 99
58 100
58 109
58 112
58 113
58 121
58 122
58 123
58 124
58 131
58 135
58 141
58 143
58 148
58 149
58 156
58 160
58 162
58 163
58 175
58 181
58 185
58 186
58 190
58 192
58 193
58 197
58 198
59 6
59 10
59 18
59 20
59 26
59 28
59 29
59 30
59 34
59 35
59 37
59 41
59 42
59 44
59 50
59 53
59 62
59 71
59 72
59 78
59 81
59 83
59 85
59 88
59 89
59 94
59 100
59 101
59 103
59 104
59 105
59 113
59 115
59 117
59 118
59 119
59 121
59 123
59 125
59 129
59 131
59 133
59 137
59 138
59 139
59 140
59 143
59 149
59 150
59 151
59 153
59 157
59 160
59 163
59 164
59 175
59 176
59 177
59 181
59 187
59 194
59 197
60 3
60 4
60 5
60 6
60 11
60 15
60 20
60 21
60 22
60 28
60 31
60 34
60 35
60 36
60 38
60 40
60 41
60 44
60 45
60 52
60 53
60 60
60 61
60 62
60 65
60 66
60 72
60 73
60 76
60 77
60 78
60 81
60 84
60 88
60 89
60 91
60 92
60 95
60 100
60 103
60 106
60 107
60 108
60 110
60 112
60 113
60 117
60 120
60 121
60 123
60 124
60 132
60 133
60 144
60 146
60 147
60 150
60 164
60 166
60 167
60 168
60 169
60 173
60 175
60 176
60 178
60 182
60 188
60 191
60 198
60 200
61 3
61 4
61 8
61 12
61 15
61 17
61 22
61 24
61 27
61 30
61 36
61 37
61 38
61 40
61 43
61 51
61 56
61 58
61 65
61 66
61 72
61 73
61 78
61 86
61 97
61 99
61 100
61 104
61 107
61 111
61 112
61 114
61 124
61 128
61 130
61 132
61 133
61 140
61 141
61 142
61 144
61 152
61 163
61 170
61 172
61 175
61 176
61 191
61 195
61 198
62 1
62 3
62 4
62 6
62 9
62 12
62 18
62 23
62 28
62 30
62 47
62 49
62 52
62 53
62 56
62 64
62 65
62 66
62 68
62 72
62 74
62 83
62 85
62 90
62 91
62 98
62 99
62 101
62 103
62 105
62 107
62 111
62 112
62 117
62 119
62 122
62 125
62 126
62 127
62 133
62 135
62 136
62 138
62 145
62 151
62 162
62 165
62 168
62 171
62 173
62 177
62 180
62 181
62 186
62 190
62 191
62 193
62 196
62 197
62 200
63 1
63 2
63 3
63 4
63 5
63 6
63 17
63 19
63 24
63 25
63 30
63 32
63 35
63 39
63 40
63 41
63 44
63 56
63 60
63 63
63 64
63 65
63 68
63 72
63 74
63 76
63 77
63 81
63 82
63 87
63 93
63 99
63 101
63 106
63 107
63 111
63 118
63 121
63 123
63 126
63 130
63 133
63 136
63 139
63 140
63 144
63 148
63 149
63 151
63 152
63 155
63 158
63 161
63 162
63 166
63 168
63 169
63 179
63 181
63 182
63 184
63 196
63 200
64 2
64 7
64 9
64 14
64 19
64 20
64 21
64 26
64 29
64 32
64 34
64 40
64 41
64 47
64 51
64 54
64 70
64 72
64 73
64 77
64 81
64 82
64 85
64 86
64 92
64 94
64 96
64 97
64 104
64 105
64 110
64 111
64 112
64 113
64 123
64 127
64 130
64 132
64 133
64 134
64 139
64 140
64 152
64 157
64 159
64 166
64 167
64 168
64 178
64 181
64 182
64 190
64 192
64 199
64 200
65 8
65 9
65 14
65 20
65 27
65 29
65 33
65 36
65 37
65 40
65 43
65 56
65 57
65 60
65 61
65 63
65 65
65 66
65 68
65 70
65 71
65 82
65 84
65 89
65 91
65 94
65 98
65 100
65 104
65 106
65 116
65 119
65 120
65 124
65 125
65 126
65 127
65 133
65 134
65 139
65 145
65 153
65 155
65 156
65 157
65 158
65 161
65 168
65 169
65 170
65 171
65 172
65 173
65 176
65 184
65 185
65 187
65 188
65 198
66 3
66 7
66 9
66 10
66 12
66 13
66 14
66 15
66 16
66 23
66 24
66 26
66 27
66 32
66 35
66 39
66 41
66 42
66 44
66 47
66 51
66 56
66 59
66 60
66 62
66 63
66 64
66 65
66 66
66 67
66 71
66 74
66 78
66 82
66 86
66 89
66 95
66 99
66 102
66 103
66 107
66 109
66 110
66 112
66 114
66 115
66 124
66 129
66 131
66 132
66 135
66 137
66 142
66 146
66 147
66 152
66 159
66 161
66 163
66 170
66 171
66 174
66 177
66 180
66 181
66 186
66 188
66 191
66 192
66 194
66 196
67 3
67 6
67 9
67 10
67 12
67 16
67 20
67 32
67 34
67 37
67 38
67 39
67 42
67 43
67 47
67 50
67 52
67 57
67 60
67 61
67 62
67 66
67 67
67 68
67 70
67 74
67 75
67 77
67 79
67 80
67 88
67 92
67 96
67 100
67 110
67 113
67 114
67 116
67 121
67 122
67 130
67 134
67 137
67 145
67 148
67 150
67 155
67 160
67 163
67 167
67 171
67 174
67 181
67 189
67 191
67 198
68 4
68 6
68 13
68 14
68 18
68 22
68 23
68 27
68 28
68 32
68 37
68 48
68 49
68 52
68 57
68 64
68 66
68 67
68 75
68 77
68 78
68 79
68 85
68 90
68 91
68 92
68 94
68 96
68 99
68 101
68 104
68 106
68 114
68 116
68 117
68 119
68 123
68 124
68 127
68 131
68 135
68 136
68 137
68 148
68 151
68 158
68 161
68 165
68 167
68 170
68 173
68 174
68 177
68 179
68 182
68 184
68 187
68 188
68 190
68 192
68 193
68 197
68 198
69 4
69 5
69 8
69 9
69 21
69 24
69 25
69 32
69 36
69 37
69 38
69 41
69 44
69 49
69 58
69 59
69 60
69 63
69 64
69 70
69 73
69 76
69 77
69 79
69 88
69 90
69 91
69 93
69 96
69 97
69 100
69 105
69 106
69 108
69 113
69 115
69 116
69 125
69 133
69 136
69 138
69 142
69 143
69 144
69 146
69 148
69 149
69 150
69 151
69 163
69 164
69 171
69 174
69 177
69 178
69 179
69 181
69 184
69 192
69 194
69 197
69 200
70 5
70 13
70 15
70 16
70 18
70 19
70 27
70 34
70 37
70 43
70 45
70 48
70 49
70 52
70 72
70 73
70 77
70 82
70 87
70 95
70 109
70 111
70 112
70 113
70 115
70 120
70 122
70 126
70 128
70 133
70 136
70 137
70 139
70 142
70 150
70 153
70 158
70 159
70 165
70 166
70 169
70 172
70 179
70 181
70 184
70 186
70 190
70 191
70 193
70 194
70 197
71 1
71 3
71 5
71 7
71 8
71 12
71 13
71 16
71 18
71 20
71 26
71 28
71 30
71 40
71 48
71 49
71 55
71 60
71 62
71 70
71 75
71 81
71 82
71 83
71 85
71 88
71 96
71 97
71 98
71 106
71 108
71 113
71 120
71 123
71 130
71 142
71 144
71 147
71 148
71 151
71 153
71 154
71 155
71 162
71 163
71 164
71 168
71 170
71 172
71 177
71 185
71 187
71 192
71 195
71 197
71 198
72 5
72 13
72 15
72 17
72 19
72 20
72 21
72 28
72 30
72 31
72 32
72 38
72 40
72 41
72 42
72 49
72 51
72 53
72 55
72 56
72 57
72 59
72 62
72 64
72 65
72 67
72 69
72 71
72 76
72 82
72 84
72 89
72 92
72 99
72 103
72 104
72 105
72 106
72 107
72 108
72 109
72 110
72 111
72 113
72 118
72 119
72 122
72 128
72 133
72 135
72 141
72 149
72 155
72 157
72 159
72 161
72 165
72 173
72 174
72 180
72 181
72 185
72 189
72 196
72 198
73 5
73 8
73 12
73 13
73 15
73 18
73 23
73 30
73 31
73 32
73 33
73 35
73 36
73 38
73 39
73 42
73 43
73 47
73 51
73 52
73 54
73 58
73 60
73 68
73 69
73 72
73 75
73 81
73 88
73 90
73 95
73 98
73 103
73 107
73 109
73 112
73 113
73 116
73 120
73 128
73 130
73 131
73 136
73 137
73 138
73 139
73 141
73 145
73 146
73 150
73 152
73 155
73 156
73 158
73 165
73 166
73 167
73 173
73 176
73 177
73 181
73 187
73 190
73 192
73 198
73 199
73 200
74 1
74 8
74 9
74 10
74 12
74 13
74 16
74 17
74 20
74 25
74 26
74 28
74 29
74 34
74 39
74 41
74 61
74 66
74 67
74 70
74 71
74 74
74 75
74 78
74 80
74 81
74 82
74 83
74 86
74 87
74 89
74 96
74 98
74 99
74 101
74 104
74 107
74 108
74 110
74 111
74 115
74 118
74 121
74 122
74 124
74 125
74 128
74 134
74 136
74 137
74 138
74 141
74 145
74 148
74 150
74 154
74 155
74 160
74 169
74 170
74 174
74 176
74 182
74 186
74 191
74 193
74 197
74 200
75 3
75 5
75 8
75 17
75 20
75 29
75 31
75 36
75 41
75 42
75 44
75 47
75 48
75 49
75 54
75 55
75 56
75 57
75 63
75 65
75 66
75 72
75 79
75 82
75 85
75 92
75 94
75 95
75 98
75 99
75 101
75 108
75 110
75 113
75 114
75 116
75 118
75 119
75 120
75 131
75 132
75 133
75 142
75 145
75 159
75 162
75 163
75 169
75 170
75 175
75 180
75 182
75 185
75 189
75 196
75 200
76 10
76 15
76 17
76 21
76 23
76 26
76 28
76 33
76 40
76 43
76 50
76 55
76 59
76 62
76 63
76 65
76 70
76 71
76 73
76 81
76 86
76 88
76 96
76 99
76 101
76 102
76 103
76 111
76 112
76 114
76 117
76 121
76 125
76 126
76 127
76 128
76 132
76 139
76 144
76 145
76 147
76 148
76 149
76 152
76 156
76 159
76 162
76 163
76 170
76 171
76 174
76 175
76 178
76 180
76 184
76 186
76 187
76 190
76 191
76 192
76 197
77 12
77 18
77 20
77 23
77 24
77 25
77 26
77 31
77 33
77 54
77 59
77 60
77 62
77 69
77 77
77 83
77 87
77 89
77 90
77 92
77 96
77 98
77 100
77 104
77 108
77 111
77 114
77 119
77 122
77 124
77 125
77 131
77 133
77 138
77 144
77 145
77 146
77 152
77 153
77 158
77 161
77 164
77 165
77 173
77 175
77 176
77 181
77 182
77 184
77 188
77 191
78 4
78 5
78 7
78 8
78 17
78 18
78 19
78 22
78 23
78 25
78 30
78 35
78 37
78 44
78 45
78 47
78 48
78 51
78 62
78 65
78 69
78 74
78 75
78 76
78 81
78 85
78 87
78 88
78 91
78 92
78 102
78 106
78 107
78 109
78 111
78 112
78 113
78 116
78 117
78 120
78 124
78 128
78 130
78 133
78 134
78 135
78 137
78 138
78 141
78 144
78 146
78 150
78 152
78 153
78 158
78 159
78 160
78 163
78 166
78 169
78 172
78 175
78 179
78 183
78 185
78 200
79 5
79 11
79 14
79 15
79 16
79 27
79 28
79 29
79 32
79 36
79 45
79 48
79 49
79 50
79 56
79 67
79 71
79 76
79 77
79 80
79 86
79 88
79 90
79 92
79 101
79 103
79 107
79 108
79 112
79 114
79 117
79 125
79 129
79 130
79 133
79 138
79 147
79 154
79 164
79 165
79 177
79 178
79 180
79 186
79 187
79 192
79 194
79 197
79 198
79 200
80 1
80 5
80 9
80 10
80 15
80 18
80 20
80 25
80 27
80 29
80 32
80 42
80 43
80 44
80 58
80 60
80 62
80 65
80 68
80 70
80 76
80 79
80 80
80 82
80 83
80 88
80 90
80 96
80 97
80 99
80 100
80 107
80 111
80 118
80 119
80 122
80 129
80 135
80 139
80 143
80 147
80 153
80 158
80 160
80 166
80 167
80 169
80 170
80 172
80 178
80 181
80 186
80 193
80 195
80 196
81 2
81 22
81 23
81 25
81 27
81 28
81 30
81 33
81 38
81 40
81 41
81 42
81 44
81 47
81 48
81 57
81 59
81 63
81 65
81 67
81 72
81 73
81 74
81 76
81 78
81 81
81 82
81 83
81 84
81 89
81 91
81 92
81 99
81 100
81 101
81 103
81 107
81 110
81 118
81 119
81 120
81 122
81 126
81 132
81 133
81 134
81 136
81 137
81 138
81 148
81 150
81 162
81 163
81 167
81 169
81 173
81 189
81 194
81 197
81 199
82 2
82 4
82 14
82 16
82 20
82 31
82 32
82 33
82 39
82 41
82 43
82 46
82 48
82 55
82 58
82 60
82 66
82 67
82 68
82 70
82 72
82 75
82 77
82 79
82 84
82 86
82 87
82 90
82 94
82 96
82 97
82 105
82 109
82 111
82 112
82 113
82 117
82 122
82 127
82 129
82 132
82 138
82 140
82 144
82 155
82 156
82 163
82 169
82 171
82 176
82 177
82 179
82 182
82 191
82 192
82 200
83 1
83 7
83 10
83 11
83 12
83 14
83 15
83 19
83 20
83 29
83 31
83 33
83 39
83 42
83 43
83 44
83 57
83 63
83 68
83 70
83 75
83 79
83 80
83 91
83 95
83 96
83 97
83 98
83 101
83 103
83 106
83 109
83 115
83 116
83 124
83 128
83 129
83 131
83 132
83 137
83 146
83 147
83 149
83 151
83 153
83 154
83 157
83 158
83 159
83 160
83 161
83 169
83 173
83 186
83 187
83 188
83 189
83 191
83 192
83 193
83 198
84 4
84 6
84 7
84 13
84 17
84 20
84 22
84 24
84 31
84 34
84 35
84 36
84 45
84 47
84 49
84 52
84 57
84 58
84 62
84 65
84 70
84 79
84 82
84 83
84 87
84 88
84 92
84 95
84 98
84 105
84 106
84 107
84 108
84 111
84 115
84 116
84 117
84 122
84 125
84 128
84 132
84 133
84 135
84 138
84 143
84 145
84 147
84 150
84 151
84 152
84 153
84 161
84 166
84 167
84 171
84 172
84 174
84 180
84 183
84 190
84 197
84 198
84 200
85 1
85 4
85 5
85 6
85 7
85 11
85 12
85 16
85 18
85 19
85 20
85 22
85 24
85 27
85 34
85 38
85 39
85 40
85 43
85 44
85 45
85 47
85 48
85 49
85 50
85 55
85 56
85 59
85 60
85 68
85 77
85 84
85 85
85 86
85 87
85 92
85 93
85 94
85 104
85 111
85 112
85 116
85 121
85 125
85 127
85 136
85 138
85 143
85 145
85 150
85 153
85 160
85 162
85 163
85 165
85 170
85 174
85 176
85 178
85 179
85 184
85 188
85 189
85 190
85 196
85 198
86 1
86 3
86 4
86 6
86 10
86 17
86 18
86 22
86 23
86 27
86 30
86 31
86 37
86 38
86 43
86 44
86 46
86 48
86 52
86 57
86 63
86 68
86 70
86 80
86 83
86 84
86 87
86 89
86 92
86 94
86 96
86 97
86 98
86 102
86 110
86 112
86 115
86 119
86 123
86 124
86 125
86 129
86 135
86 136
86 144
86 147
86 150
86 158
86 159
86 162
86 163
86 166
86 167
86 169
86 176
86 178
86 180
86 181
86 182
86 183
86 188
86 190
86 196
87 8
87 10
87 15
87 16
87 22
87 23
87 24
87 29
87 32
87 34
87 35
87 43
87 44
87 45
87 52
87 62
87 66
87 68
87 69
87 77
87 83
87 85
87 86
87 88
87 90
87 94
87 100
87 102
87 103
87 110
87 113
87 115
87 116
87 118
87 120
87 121
87 122
87 125
87 128
87 132
87 137
87 138
87 139
87 146
87 147
87 149
87 151
87 153
87 157
87 158
87 161
87 165
87 167
87 168
87 169
87 171
87 178
87 180
87 181
87 188
87 191
87 194
87 196
87 198
88 4
88 5
88 11
88 17
88 27
88 28
88 30
88 35
88 38
88 41
88 45
88 49
88 50
88 55
88 58
88 61
88 66
88 71
88 76
88 78
88 79
88 80
88 82
88 83
88 88
88 89
88 97
88 98
88 99
88 103
88 105
88 112
88 116
88 118
88 121
88 123
88 124
88 125
88 129
88 134
88 136
88 138
88 139
88 141
88 148
88 156
88 158
88 168
88 169
88 172
88 173
88 175
88 177
88 184
88 186
88 189
88 197
88 198
89 9
89 11
89 17
89 21
89 26
89 27
89 28
89 31
89 35
89 36
89 39
89 43
89 44
89 46
89 49
89 53
89 54
89 55
89 58
89 61
89 62
89 64
89 65
89 75
89 78
89 83
89 85
89 87
89 90
89 94
89 99
89 105
89 107
89 110
89 117
89 118
89 124
89 125
89 127
89 132
89 133
89 135
89 138
89 141
89 142
89 153
89 154
89 158
89 160
89 165
89 167
89 181
89 182
89 184
89 188
89 197
90 10
90 22
90 23
90 25
90 27
90 34
90 36
90 50
90 51
90 53
90 59
90 64
90 74
90 75
90 77
90 83
90 87
90 90
90 92
90 98
90 100
90 104
90 105
90 110
90 111
90 113
90 114
90 119
90 123
90 126
90 129
90 131
90 134
90 135
90 136
90 140
90 143
90 144
90 148
90 149
90 155
90 156
90 157
90 162
90 165
90 173
90 174
90 176
90 177
90 179
90 180
90 182
90 189
90 192
90 196
90 197
91 5
91 7
91 8
91 11
91 13
91 14
91 16
91 20
91 21
91 22
91 23
91 31
91 32
91 38
91 39
91 40
91 46
91 53
91 55
91 60
91 61
91 64
91 65
91 67
91 68
91 74
91 76
91 79
91 82
91 83
91 84
91 86
91 88
91 92
91 95
91 98
91 101
91 105
91 108
91 113
91 115
91 119
91 120
91 121
91 122
91 123
91 131
91 139
91 143
91 149
91 150
91 151
91 153
91 154
91 157
91 162
91 163
91 165
91 166
91 171
91 176
91 177
91 180
91 181
91 182
91 183
91 184
91 185
91 187
91 194
91 200
92 1
92 4
92 7
92 9
92 11
92 17
92 18
92 22
92 25
92 27
92 29
92 34
92 43
92 46
92 47
92 49
92 52
92 53
92 54
92 56
92 59
92 63
92 68
92 71
92 73
92 74
92 81
92 89
92 90
92 93
92 97
92 99
92 100
92 102
92 103
92 104
92 109
92 115
92 116
92 117
92 118
92 119
92 122
92 128
92 134
92 135
92 137
92 139
92 146
92 148
92 152
92 160
92 161
92 164
92 169
92 186
92 190
92 197
92 198
92 199
92 200
93 1
93 11
93 18
93 21
93 22
93 23
93 26
93 29
93 33
93 38
93 39
93 42
93 46
93 53
93 58
93 62
93 64
93 65
93 68
93 69
93 70
93 75
93 78
93 89
93 94
93 95
93 103
93 113
93 118
93 126
93 128
93 133
93 136
93 138
93 139
93 142
93 145
93 148
93 149
93 150
93 158
93 159
93 161
93 175
93 177
93 179
93 195
93 196
93 197
93 198
93 200
94 4
94 5
94 9
94 11
94 17
94 18
94 22
94 23
94 31
94 33
94 34
94 41
94 44
94 46
94 48
94 49
94 51
94 52
94 59
94 62
94 63
94 66
94 78
94 81
94 83
94 91
94 97
94 100
94 111
94 112
94 113
94 119
94 121
94 122
94 124
94 130
94 133
94 138
94 140
94 141
94 146
94 151
94 153
94 156
94 158
94 161
94 165
94 166
94 171
94 174
94 175
94 178
94 180
94 181
94 182
94 192
94 193
94 194
94 200
95 8
95 10
95 13
95 16
95 17
95 21
95 22
95 24
95 25
95 27
95 34
95 35
95 38
95 40
95 41
95 42
95 48
95 49
95 52
95 54
95 56
95 57
95 58
95 59
95 62
95 65
95 73
95 75
95 77
95 81
95 82
95 83
95 86
95 88
95 89
95 90
95 91
95 97
95 101
95 105
95 109
95 111
95 127
95 128
95 131
95 135
95 138
95 141
95 144
95 145
95 148
95 149
95 153
95 155
95 167
95 170
95 172
95 173
95 174
95 178
95 182
95 183
95 184
95 187
95 190
95 193
95 197
95 200
96 6
96 12
96 16
96 20
96 23
96 27
96 29
96 30
96 31
96 34
96 35
96 36
96 37
96 44
96 48
96 60
96 61
96 66
96 68
96 72
96 78
96 80
96 83
96 84
96 86
96 87
96 88
96 92
96 105
96 106
96 107
96 110
96 111
96 117
96 125
96 133
96 139
96 140
96 142
96 154
96 158
96 161
96 166
96 169
96 171
96 172
96 178
96 179
96 184
96 185
96 191
96 194
96 195
96 200
97 3
97 9
97 13
97 15
97 16
97 20
97 22
97 23
97 26
97 29
97 41
97 47
97 49
97 52
97 53
97 54
97 55
97 62
97 64
97 66
97 68
97 69
97 74
97 78
97 79
97 82
97 83
97 85
97 86
97 88
97 90
97 91
97 98
97 101
97 106
97 107
97 112
97 113
97 114
97 116
97 118
97 119
97 126
97 129
97 130
97 134
97 135
97 136
97 137
97 138
97 140
97 142
97 143
97 144
97 148
97 152
97 154
97 155
97 159
97 162
97 166
97 169
97 170
97 182
97 183
97 187
97 198
97 199
97 200
98 2
98 3
98 8
98 9
98 11
98 13
98 14
98 15
98 19
98 24
98 26
98 27
98 33
98 34
98 35
98 36
98 37
98 41
98 45
98 48
98 55
98 56
98 59
98 65
98 70
98 73
98 74
98 83
98 90
98 98
98 99
98 104
98 106
98 107
98 113
98 115
98 118
98 120
98 123
98 128
98 133
98 135
98 137
98 138
98 141
98 143
98 144
98 148
98 151
98 152
98 154
98 157
98 159
98 161
98 163
98 165
98 169
98 170
98 171
98 176
98 178
98 180
98 181
98 182
98 183
98 188
98 190
98 191
98 198
98 199
99 3
99 7
99 12
99 13
99 20
99 22
99 27
99 31
99 33
99 34
99 35
99 38
99 40
99 43
99 45
99 49
99 50
99 51
99 57
99 59
99 61
99 62
99 67
99 71
99 74
99 77
99 81
99 89
99 94
99 95
99 99
99 104
99 110
99 111
99 112
99 114
99 116
99 118
99 122
99 123
99 125
99 126
99 131
99 134
99 136
99 138
99 140
99 143
99 150
99 153
99 155
99 157
99 166
99 174
99 175
99 178
99 182
99 187
99 191
100 2
100 5
100 10
100 13
100 15
100 21
100 22
100 30
100 32
100 33
100 39
100 42
100 45
100 48
100 50
100 52
100 54
100 56
100 60
100 68
100 70
100 71
100 82
100 84
100 85
100 88
100 99
100 108
100 113
100 115
100 119
100 121
100 122
100 124
100 128
100 138
100 141
100 142
100 143
100 145
100 146
100 153
100 154
100 159
100 162
100 163
100 164
100 166
100 167
100 175
100 177
100 178
100 179
100 183
100 184
100 189
100 197
101 1
101 2
101 10
101 14
101 17
101 28
101 33
101 34
101 35
101 36
101 40
101 43
101 46
101 52
101 53
101 56
101 63
101 70
101 71
101 78
101 80
101 84
101 85
101 86
101 88
101 92
101 97
101 103
101 105
101 106
101 111
101 113
101 116
101 121
101 123
101 124
101 132
101 134
101 136
101 137
101 144
101 145
101 146
101 148
101 154
101 156
101 157
101 158
101 164
101 170
101 171
101 172
101 173
101 183
101 184
101 186
101 192
101 193
102 1
102 5
102 7
102 9
102 11
102 12
102 13
102 19
102 20
102 23
102 24
102 25
102 29
102 35
102 37
102 43
102 49
102 51
102 64
102 71
102 72
102 76
102 77
102 83
102 85
102 89
102 90
102 93
102 97
102 101
102 102
102 109
102 111
102 112
102 114
102 115
102 122
102 126
102 127
102 129
102 130
102 134
102 139
102 140
102 142
102 143
102 146
102 148
102 150
102 153
102 154
102 159
102 162
102 164
102 167
102 170
102 171
102 174
102 180
102 182
102 189
102 196
102 197
103 2
103 6
103 9
103 14
103 15
103 32
103 36
103 39
103 40
103 46
103 51
103 53
103 56
103 58
103 63
103 64
103 68
103 74
103 75
103 81
103 84
103 85
103 88
103 99
103 104
103 111
103 114
103 117
103 122
103 124
103 129
103 130
103 131
103 135
103 137
103 138
103 144
103 146
103 155
103 158
103 160
103 161
103 164
103 168
103 169
103 170
103 173
103 175
103 178
103 181
103 184
103 185
103 188
103 190
103 191
103 192
103 197
103 198
103 199
104 1
104 5
104 6
104 13
104 15
104 19
104 20
104 21
104 22
104 25
104 28
104 30
104 38
104 47
104 49
104 51
104 52
104 59
104 62
104 65
104 68
104 69
104 70
104 72
104 74
104 76
104 77
104 80
104 81
104 84
104 92
104 95
104 100
104 104
104 111
104 113
104 114
104 119
104 123
104 127
104 128
104 136
104 142
104 146
104 147
104 148
104 149
104 154
104 157
104 162
104 164
104 176
104 177
104 183
104 184
104 188
104 189
104 196
104 198
105 4
105 7
105 10
105 18
105 19
105 26
105 29
105 30
105 34
105 40
105 41
105 42
105 43
105 47
105 48
105 49
105 60
105 61
105 64
105 72
105 74
105 77
105 83
105 85
105 94
105 96
105 97
105 101
105 102
105 107
105 121
105 123
105 126
105 127
105 131
105 134
105 135
105 138
105 139
105 142
105 144
105 146
105 148
105 151
105 160
105 161
105 162
105 165
105 166
105 171
105 174
105 180
105 186
105 189
105 190
105 192
105 193
105 194
105 195
105 197
106 6
106 8
106 11
106 13
106 17
106 18
106 19
106 23
106 25
106 31
106 35
106 43
106 46
106 51
106 52
106 56
106 57
106 59
106 63
106 64
106 70
106 71
106 77
106 79
106 81
106 85
106 95
106 98
106 104
106 106
106 108
106 116
106 118
106 121
106 122
106 125
106 126
106 128
106 129
106 134
106 135
106 137
106 139
106 141
106 143
106 147
106 148
106 151
106 155
106 157
106 158
106 168
106 171
106 172
106 176
106 177
106 189
106 197
106 198
106 199
107 2
107 3
107 7
107 27
107 30
107 31
107 41
107 45
107 46
107 50
107 51
107 54
107 57
107 58
107 59
107 61
107 69
107 73
107 77
107 86
107 94
107 97
107 101
107 103
107 104
107 105
107 117
107 121
107 129
107 130
107 135
107 136
107 138
107 141
107 143
107 152
107 157
107 164
107 166
107 172
107 181
107 182
107 183
107 188
107 193
107 199
107 200
108 2
108 3
108 5
108 13
108 16
108 26
108 34
108 36
108 39
108 43
108 45
108 51
108 55
108 57
108 61
108 69
108 71
108 75
108 76
108 78
108 85
108 90
108 91
108 99
108 100
108 101
108 103
108 104
108 109
108 112
108 116
108 118
108 119
108 122
108 124
108 126
108 132
108 135
108 137
108 138
108 141
108 143
108 150
108 156
108 159
108 170
108 172
108 177
108 178
108 179
108 184
108 185
108 200
109 3
109 6
109 12
109 13
109 15
109 16
109 19
109 32
109 36
109 43
109 46
109 50
109 52
109 55
109 64
109 67
109 68
109 69
109 75
109 81
109 86
109 87
109 90
109 91
109 93
109 96
109 99
109 100
109 102
109 104
109 106
109 109
109 112
109 114
109 118
109 122
109 125
109 133
109 134
109 137
109 139
109 145
109 148
109 149
109 150
109 151
109 153
109 156
109 158
109 159
109 161
109 166
109 169
109 177
109 178
109 181
109 182
109 184
109 185
109 187
109 191
109 197
110 3
110 4
110 7
110 9
110 13
110 16
110 20
110 23
110 29
110 41
110 43
110 46
110 49
110 50
110 59
110 61
110 64
110 66
110 70
110 78
110 82
110 85
110 101
110 104
110 108
110 113
110 114
110 116
110 125
110 130
110 133
110 135
110 137
110 138
110 141
110 149
110 150
110 153
110 155
110 157
110 158
110 161
110 167
110 172
110 173
110 177
110 180
110 183
110 188
110 189
110 190
110 192
110 195
110 200
111 2
111 3
111 4
111 6
111 7
111 8
111 10
111 13
111 18
111 19
111 26
111 28
111 29
111 34
111 36
111 43
111 44
111 53
111 55
111 56
111 59
111 60
111 63
111 64
111 65
111 68
111 77
111 81
111 84
111 85
111 87
111 93
111 94
111 96
111 98
111 102
111 105
111 109
111 110
111 111
111 113
111 114
111 121
111 128
111 129
111 134
111 136
111 141
111 143
111 145
111 150
111 152
111 159
111 165
111 168
111 170
111 173
111 182
111 187
111 193
111 197
111 199
112 1
112 6
112 7
112 9
112 12
112 15
112 17
112 18
112 21
112 27
112 28
112 34
112 36
112 38
112 39
112 49
112 59
112 62
112 64
112 66
112 74
112 75
112 77
112 80
112 81
112 82
112 86
112 89
112 91
112 98
112 100
112 103
112 106
112 111
112 116
112 118
112 119
112 123
112 127
112 130
112 132
112 136
112 137
112 139
112 146
112 147
112 148
112 149
112 150
112 162
112 169
112 173
112 176
112 180
112 188
112 194
112 195
113 8
113 10
113 12
113 14
113 15
113 21
113 22
113 23
113 27
113 34
113 36
113 37
113 39
113 42
113 43
113 47
113 59
113 63
113 64
113 66
113 67
113 68
113 73
113 84
113 85
113 86
113 88
113 89
113 101
113 120
113 122
113 123
113 126
113 127
113 129
113 135
113 137
113 140
113 141
113 142
113 146
113 156
113 158
113 159
113 160
113 161
113 164
113 172
113 177
113 182
113 185
113 186
113 188
113 196
114 2
114 8
114 10
114 11
114 16
114 17
114 23
114 28
114 31
114 32
114 33
114 40
114 44
114 45
114 47
114 48
114 49
114 50
114 51
114 55
114 56
114 58
114 60
114 63
114 64
114 67
114 72
114 79
114 81
114 85
114 91
114 95
114 98
114 100
114 101
114 103
114 106
114 107
114 108
114 110
114 117
114 121
114 122
114 124
114 125
114 127
114 131
114 133
114 138
114 142
114 144
114 146
114 147
114 149
114 150
114 153
114 159
114 162
114 164
114 170
114 177
114 180
114 182
114 187
114 188
114 191
114 194
114 195
114 197
114 199
115 4
115 7
115 10
115 26
115 32
115 38
115 39
115 42
115 43
115 46
115 48
115 62
115 70
115 71
115 81
115 84
115 89
115 90
115 93
115 96
115 97
115 98
115 102
115 104
115 111
115 115
115 119
115 120
115 123
115 124
115 125
115 127
115 132
115 133
115 135
115 136
115 141
115 144
115 146
115 148
115 150
115 152
115 154
115 155
115 158
115 162
115 167
115 169
115 171
115 172
115 173
115 174
115 179
115 184
115 189
115 191
115 192
115 194
116 1
116 2
116 6
116 8
116 14
116 15
116 21
116 23
116 24
116 26
116 32
116 37
116 38
116 42
116 45
116 46
116 47
116 49
116 51
116 52
116 55
116 56
116 57
116 58
116 61
116 77
116 79
116 80
116 83
116 85
116 95
116 96
116 99
116 101
116 103
116 106
116 107
116 120
116 123
116 125
116 131
116 134
116 138
116 146
116 150
116 151
116 155
116 156
116 158
116 160
116 161
116 163
116 164
116 166
116 176
116 179
116 181
116 184
116 192
116 198
117 7
117 8
117 9
117 14
117 19
117 23
117 27
117 33
117 36
117 37
117 41
117 44
117 46
117 47
117 50
117 52
117 65
117 69
117 81
117 84
117 91
117 94
117 97
117 101
117 102
117 103
117 105
117 107
117 108
117 113
117 118
117 128
117 130
117 131
117 132
117 137
117 140
117 142
117 144
117 152
117 153
117 155
117 157
117 162
117 165
117 170
117 180
117 181
117 184
117 185
117 191
117 199
118 1
118 6
118 16
118 18
118 20
118 22
118 29
118 36
118 38
118 41
118 43
118 45
118 46
118 47
118 49
118 52
118 58
118 60
118 62
118 63
118 65
118 69
118 73
118 83
118 88
118 91
118 95
118 108
118 109
118 111
118 115
118 118
118 120
118 122
118 129
118 135
118 136
118 140
118 143
118 150
118 152
118 155
118 157
118 164
118 165
118 166
118 168
118 172
118 173
118 178
118 184
118 186
118 188
118 192
118 199
119 1
119 2
119 4
119 5
119 8
119 12
119 14
119 18
119 22
119 25
119 32
119 33
119 35
119 36
119 38
119 39
119 42
119 46
119 48
119 50
119 54
119 59
119 66
119 76
119 78
119 79
119 86
119 87
119 89
119 90
119 102
119 106
119 114
119 122
119 129
119 131
119 133
119 134
119 140
119 143
119 144
119 151
119 152
119 154
119 157
119 161
119 164
119 165
119 169
119 171
119 180
119 185
119 186
119 187
119 190
119 196
119 198
120 2
120 4
120 19
120 21
120 22
120 39
120 52
120 59
120 71
120 79
120 82
120 88
120 92
120 96
120 101
120 102
120 104
120 107
120 117
120 127
120 130
120 134
120 136
120 140
120 141
120 151
120 161
120 162
120 179
120 183
120 192
120 197
120 199
121 1
121 2
121 6
121 10
121 12
121 15
121 17
121 19
121 22
121 24
121 25
121 31
121 32
121 42
121 44
121 46
121 51
121 53
121 54
121 56
121 62
121 64
121 66
121 71
121 76
121 78
121 80
121 81
121 86
121 93
121 94
121 97
121 98
121 100
121 102
121 106
121 107
121 108
121 111
121 113
121 117
121 119
121 132
121 133
121 138
121 145
121 146
121 147
121 149
121 151
121 154
121 156
121 160
121 161
121 163
121 164
121 165
121 167
121 170
121 173
121 174
121 181
121 182
121 184
121 186
121 188
121 192
121 193
121 194
121 198
122 3
122 8
122 9
122 16
122 17
122 18
122 19
122 20
122 21
122 24
122 26
122 27
122 28
122 30
122 31
122 36
122 42
122 44
122 46
122 54
122 58
122 63
122 67
122 68
122 70
122 71
122 72
122 78
122 81
122 82
122 83
122 85
122 87
122 89
122 93
122 97
122 98
122 100
122 105
122 110
122 117
122 118
122 119
122 124
122 129
122 136
122 138
122 139
122 140
122 143
122 144
122 145
122 147
122 172
122 177
122 179
122 183
122 192
122 194
122 199
123 3
123 16
123 17
123 19
123 21
123 22
123 34
123 35
123 36
123 38
123 43
123 50
123 52
123 56
123 63
123 65
123 67
123 68
123 70
123 72
123 75
123 76
123 79
123 81
123 86
123 91
123 93
123 95
123 100
123 103
123 111
123 113
123 115
123 119
123 120
123 122
123 129
123 131
123 136
123 147
123 148
123 149
123 150
123 151
123 158
123 159
123 162
123 168
123 173
123 175
123 177
123 179
123 181
123 182
123 187
123 192
123 194
123 198
123 199
124 1
124 3
124 5
124 8
124 15
124 16
124 21
124 29
124 33
124 34
124 35
124 37
124 44
124 45
124 49
124 51
124 55
124 57
124 63
124 64
124 65
124 67
124 73
124 76
124 79
124 82
124 83
124 85
124 109
124 113
124 115
124 116
124 118
124 119
124 120
124 123
124 132
124 134
124 135
124 140
124 141
124 146
124 148
124 149
124 150
124 155
124 158
124 163
124 170
124 171
124 172
124 174
124 176
124 187
124 191
124 193
124 194
124 196
124 198
125 1
125 3
125 6
125 7
125 12
125 19
125 20
125 22
125 23
125 25
125 32
125 36
125 44
125 45
125 48
125 51
125 52
125 53
125 58
125 59
125 61
125 63
125 76
125 79
125 80
125 83
125 89
125 91
125 93
125 95
125 100
125 103
125 104
125 109
125 116
125 124
125 129
125 134
125 138
125 143
125 144
125 156
125 159
125 165
125 166
125 171
125 174
125 175
125 178
125 191
125 194
125 200
126 2
126 4
126 6
126 14
126 17
126 21
126 27
126 29
126 30
126 34
126 35
126 37
126 38
126 42
126 47
126 51
126 55
126 60
126 63
126 71
126 75
126 81
126 84
126 91
126 93
126 94
126 98
126 102
126 104
126 108
126 109
126 113
126 114
126 118
126 119
126 121
126 122
126 124
126 126
126 127
126 133
126 136
126 138
126 147
126 149
126 158
126 159
126 160
126 161
126 162
126 165
126 168
126 170
126 174
126 179
126 180
126 181
126 183
126 184
126 186
126 193
126 195
126 199
127 2
127 6
127 7
127 8
127 10
127 15
127 19
127 21
127 23
127 27
127 36
127 37
127 41
127 44
127 45
127 51
127 52
127 53
127 58
127 60
127 61
127 72
127 74
127 79
127 91
127 94
127 96
127 99
127 102
127 110
127 114
127 118
127 119
127 121
127 128
127 131
127 142
127 145
127 151
127 153
127 154
127 156
127 158
127 159
127 160
127 162
127 163
127 164
127 169
127 171
127 180
127 183
127 184
127 186
127 187
127 188
127 189
127 190
127 191
128 3
128 6
128 7
128 11
128 15
128 18
128 32
128 33
128 36
128 40
128 43
128 51
128 52
128 53
128 57
128 59
128 62
128 65
128 67
128 68
128 72
128 77
128 79
128 81
128 85
128 87
128 88
128 91
128 98
128 100
128 103
128 110
128 116
128 122
128 136
128 139
128 140
128 145
128 146
128 147
128 155
128 156
128 158
128 159
128 160
128 162
128 164
128 168
128 178
128 180
128 181
128 182
128 187
128 190
128 191
128 195
128 197
128 199
129 1
129 5
129 8
129 10
129 13
129 15
129 18
129 19
129 23
129 24
129 27
129 28
129 30
129 41
129 44
129 46
129 53
129 56
129 57
129 62
129 64
129 66
129 72
129 73
129 79
129 82
129 83
129 89
129 90
129 97
129 102
129 103
129 104
129 108
129 114
129 116
129 117
129 119
129 122
129 124
129 127
129 135
129 136
129 143
129 150
129 155
129 160
129 161
129 162
129 165
129 168
129 169
129 177
129 181
129 182
129 186
129 191
129 194
129 195
129 197
129 198
129 199
129 200
130 2
130 5
130 9
130 11
130 17
130 20
130 22
130 24
130 25
130 26
130 31
130 35
130 37
130 39
130 42
130 48
130 49
130 54
130 55
130 56
130 59
130 64
130 66
130 68
130 70
130 71
130 83
130 84
130 85
130 87
130 89
130 95
130 100
130 105
130 110
130 114
130 120
130 123
130 128
130 129
130 132
130 133
130 137
130 142
130 146
130 153
130 155
130 157
130 158
130 161
130 164
130 165
130 166
130 169
130 171
130 172
130 173
130 185
130 186
130 191
130 192
130 199
131 2
131 3
131 8
131 10
131 12
131 13
131 14
131 18
131 24
131 28
131 36
131 38
131 42
131 53
131 57
131 61
131 62
131 67
131 70
131 73
131 76
131 81
131 84
131 89
131 90
131 94
131 106
131 107
131 108
131 110
131 111
131 117
131 124
131 126
131 131
131 132
131 138
131 139
131 141
131 148
131 152
131 153
131 155
131 156
131 160
131 163
131 164
131 171
131 174
131 177
131 181
131 184
131 185
131 186
131 187
131 193
131 199
132 1
132 2
132 9
132 14
132 28
132 29
132 31
132 33
132 34
132 38
132 41
132 42
132 43
132 46
132 52
132 57
132 58
132 68
132 73
132 75
132 78
132 83
132 97
132 100
132 103
132 107
132 112
132 113
132 119
132 122
132 123
132 127
132 130
132 137
132 138
132 140
132 145
132 146
132 147
132 149
132 154
132 157
132 159
132 163
132 169
132 171
132 172
132 173
132 182
132 184
132 185
132 191
132 197
133 1
133 3
133 6
133 12
133 14
133 17
133 18
133 22
133 25
133 33
133 35
133 38
133 40
133 42
133 45
133 47
133 48
133 50
133 54
133 56
133 62
133 63
133 64
133 67
133 71
133 77
133 79
133 83
133 89
133 90
133 91
133 95
133 97
133 98
133 104
133 106
133 108
133 112
133 113
133 114
133 116
133 117
133 126
133 128
133 138
133 141
133 146
133 151
133 153
133 160
133 161
133 163
133 166
133 170
133 171
133 173
133 178
133 179
133 182
133 183
133 184
133 187
133 189
133 192
133 193
133 194
133 200
134 1
134 3
134 4
134 5
134 6
134 13
134 14
134 18
134 19
134 20
134 25
134 30
134 31
134 32
134 40
134 44
134 54
134 55
134 57
134 63
134 65
134 67
134 68
134 70
134 71
134 73
134 74
134 80
134 81
134 91
134 93
134 98
134 100
134 107
134 108
134 109
134 112
134 114
134 117
134 118
134 121
134 128
134 132
134 133
134 136
134 138
134 142
134 143
134 144
134 150
134 152
134 155
134 159
134 161
134 172
134 175
134 180
134 189
134 190
134 191
134 192
134 194
135 5
135 10
135 12
135 13
135 17
135 19
135 21
135 23
135 25
135 36
135 37
135 38
135 41
135 44
135 49
135 55
135 58
135 63
135 65
135 67
135 70
135 74
135 83
135 87
135 89
135 101
135 106
135 108
135 111
135 116
135 119
135 125
135 130
135 131
135 136
135 142
135 144
135 146
135 149
135 151
135 155
135 157
135 159
135 166
135 170
135 172
135 176
135 178
135 181
135 187
135 190
135 193
135 196
136 5
136 7
136 13
136 15
136 16
136 19
136 20
136 21
136 22
136 29
136 41
136 50
136 51
136 57
136 58
136 59
136 60
136 63
136 64
136 68
136 69
136 72
136 76
136 78
136 80
136 83
136 87
136 96
136 98
136 99
136 100
136 101
136 102
136 103
136 111
136 112
136 118
136 127
136 128
136 129
136 130
136 132
136 136
136 137
136 139
136 141
136 145
136 146
136 147
136 158
136 160
136 161
136 165
136 167
136 168
136 170
136 173
136 177
136 180
136 183
136 184
136 185
136 192
136 194
136 195
137 1
137 4
137 5
137 9
137 11
137 15
137 23
137 26
137 29
137 33
137 40
137 41
137 43
137 44
137 47
137 50
137 55
137 56
137 60
137 62
137 65
137 70
137 71
137 83
137 87
137 88
137 94
137 96
137 98
137 101
137 102
137 106
137 107
137 109
137 110
137 115
137 121
137 129
137 134
137 137
137 138
137 148
137 153
137 154
137 158
137 159
137 160
137 161
137 164
137 165
137 168
137 171
137 174
137 175
137 176
137 177
137 178
137 180
137 185
137 186
137 189
137 190
137 193
137 199
138 4
138 9
138 10
138 11
138 12
138 14
138 16
138 19
138 24
138 29
138 31
138 32
138 37
138 40
138 41
138 43
138 50
138 51
138 54
138 58
138 67
138 69
138 70
138 74
138 77
138 94
138 97
138 102
138 103
138 108
138 110
138 111
138 116
138 117
138 118
138 126
138 129
138 130
138 131
138 137
138 141
138 143
138 145
138 153
138 157
138 160
138 161
138 163
138 167
138 170
138 176
138 182
138 183
138 187
138 190
138 195
138 198
139 5
139 13
139 16
139 20
139 21
139 22
139 27
139 30
139 31
139 33
139 35
139 43
139 46
139 47
139 48
139 52
139 56
139 65
139 69
139 70
139 71
139 78
139 79
139 81
139 83
139 91
139 97
139 100
139 107
139 109
139 110
139 111
139 115
139 122
139 132
139 138
139 144
139 148
139 152
139 153
139 154
139 155
139 156
139 163
139 164
139 166
139 168
139 173
139 176
139 179
139 181
139 184
139 186
139 188
139 190
139 191
139 193
139 196
139 197
139 198
140 1
140 2
140 5
140 19
140 26
140 32
140 37
140 40
140 60
140 61
140 62
140 64
140 68
140 72
140 74
140 76
140 80
140 85
140 90
140 91
140 92
140 103
140 110
140 113
140 118
140 125
140 126
140 127
140 129
140 131
140 132
140 134
140 136
140 137
140 138
140 141
140 142
140 145
140 148
140 152
140 154
140 155
140 158
140 160
140 164
140 165
140 167
140 175
140 176
140 180
140 184
140 186
140 191
140 192
140 196
140 197
141 3
141 4
141 5
141 6
141 7
141 9
141 11
141 14
141 15
141 25
141 27
141 29
141 31
141 35
141 36
141 43
141 45
141 48
141 69
141 70
141 71
141 72
141 74
141 77
141 80
141 82
141 86
141 87
141 88
141 89
141 92
141 94
141 95
141 107
141 108
141 111
141 116
141 119
141 122
141 123
141 131
141 133
141 137
141 138
141 142
141 143
141 145
141 147
141 148
141 149
141 151
141 175
141 176
141 177
141 178
141 181
141 185
141 187
141 193
141 194
141 196
141 198
141 199
142 1
142 5
142 6
142 7
142 8
142 15
142 16
142 18
142 21
142 22
142 26
142 30
142 32
142 39
142 42
142 47
142 50
142 54
142 59
142 79
142 83
142 89
142 91
142 95
142 96
142 101
142 104
142 107
142 108
142 109
142 112
142 116
142 119
142 120
142 122
142 124
142 127
142 133
142 134
142 136
142 141
142 145
142 149
142 151
142 152
142 154
142 166
142 168
142 173
142 178
142 179
142 181
142 195
142 197
142 200
143 1
143 8
143 9
143 16
143 19
143 21
143 22
143 23
143 26
143 30
143 31
143 38
143 39
143 47
143 49
143 50
143 51
143 53
143 59
143 62
143 63
143 64
143 65
143 68
143 69
143 73
143 75
143 76
143 80
143 81
143 82
143 84
143 87
143 88
143 89
143 91
143 100
143 104
143 108
143 113
143 115
143 116
143 121
143 123
143 131
143 134
143 136
143 138
143 143
143 145
143 154
143 172
143 174
143 180
143 182
143 185
143 191
144 1
144 2
144 4
144 5
144 8
144 9
144 10
144 14
144 16
144 17
144 28
144 30
144 32
144 34
144 37
144 38
144 50
144 57
144 61
144 65
144 66
144 70
144 72
144 74
144 79
144 88
144 94
144 96
144 97
144 98
144 99
144 103
144 104
144 107
144 108
144 111
144 118
144 120
144 127
144 129
144 134
144 136
144 137
144 139
144 141
144 143
144 144
144 146
144 148
144 152
144 155
144 158
144 161
144 172
144 175
144 177
144 180
144 181
144 183
144 187
144 192
144 193
144 199
144 200
145 1
145 7
145 11
145 20
145 24
145 29
145 35
145 44
145 45
145 51
145 55
145 56
145 57
145 59
145 61
145 63
145 69
145 70
145 74
145 75
145 79
145 80
145 83
145 85
145 89
145 90
145 93
145 96
145 107
145 111
145 118
145 120
145 128
145 130
145 131
145 134
145 145
145 147
145 149
145 154
145 155
145 157
145 161
145 162
145 163
145 165
145 173
145 175
145 180
145 185
145 188
145 190
145 193
145 199
146 4
146 6
146 20
146 28
146 29
146 31
146 39
146 41
146 45
146 48
146 49
146 56
146 68
146 72
146 78
146 82
146 86
146 100
146 101
146 103
146 109
146 115
146 121
146 123
146 125
146 128
146 130
146 132
146 133
146 135
146 136
146 138
146 150
146 152
146 160
146 164
146 167
146 175
146 176
146 178
146 180
146 181
146 189
146 193
146 195
146 198
147 5
147 8
147 16
147 19
147 20
147 22
147 24
147 29
147 37
147 39
147 44
147 46
147 50
147 55
147 57
147 58
147 78
147 80
147 82
147 84
147 87
147 88
147 99
147 108
147 109
147 111
147 113
147 114
147 116
147 119
147 125
147 133
147 136
147 137
147 141
147 143
147 144
147 145
147 152
147 157
147 158
147 161
147 164
147 182
147 183
147 186
147 196
147 198
147 200
148 3
148 5
148 8
148 11
148 12
148 14
148 16
148 20
148 22
148 24
148 25
148 29
148 32
148 33
148 36
148 37
148 43
148 44
148 45
148 50
148 57
148 61
148 67
148 69
148 71
148 73
148 75
148 81
148 82
148 84
148 86
148 88
148 98
148 99
148 100
148 107
148 108
148 111
148 112
148 113
148 115
148 118
148 122
148 127
148 130
148 135
148 143
148 147
148 149
148 151
148 152
148 153
148 158
148 159
148 163
148 165
148 167
148 171
148 176
148 177
148 180
148 189
148 198
149 2
149 3
149 9
149 11
149 15
149 23
149 24
149 25
149 26
149 38
149 45
149 48
149 57
149 58
149 61
149 62
149 67
149 69
149 72
149 77
149 78
149 80
149 84
149 87
149 88
149 95
149 97
149 98
149 100
149 103
149 107
149 108
149 112
149 113
149 116
149 117
149 118
149 123
149 126
149 128
149 131
149 132
149 137
149 144
149 148
149 150
149 155
149 159
149 163
149 177
149 183
149 186
149 188
149 195
149 196
149 197
149 199
150 2
150 3
150 10
150 13
150 19
150 22
150 28
150 29
150 31
150 32
150 33
150 41
150 44
150 47
150 49
150 54
150 59
150 61
150 64
150 68
150 71
150 75
150 77
150 81
150 85
150 90
150 97
150 98
150 101
150 103
150 110
150 112
150 118
150 120
150 125
150 127
150 128
150 132
150 139
150 140
150 141
150 156
150 160
150 165
150 168
150 173
150 178
150 181
150 185
150 187
150 188
150 193
150 198
150 199
151 21
151 23
151 25
151 26
151 27
151 36
151 37
151 38
151 39
151 40
151 44
151 45
151 49
151 51
151 53
151 55
151 61
151 67
151 72
151 73
151 84
151 85
151 90
151 98
151 103
151 104
151 106
151 110
151 111
151 115
151 119
151 120
151 123
151 127
151 134
151 139
151 146
151 151
151 152
151 157
151 158
151 160
151 161
151 176
151 180
151 183
151 188
151 192
151 193
151 194
151 195
151 197
152 1
152 5
152 10
152 12
152 14
152 19
152 21
152 23
152 25
152 26
152 27
152 30
152 31
152 33
152 35
152 39
152 45
152 46
152 51
152 54
152 55
152 60
152 63
152 66
152 68
152 69
152 70
152 71
152 73
152 78
152 85
152 86
152 87
152 89
152 92
152 93
152 98
152 99
152 100
152 101
152 102
152 105
152 107
152 112
152 113
152 118
152 121
152 126
152 127
152 131
152 136
152 137
152 138
152 139
152 144
152 145
152 149
152 152
152 153
152 154
152 158
152 167
152 169
152 172
152 181
152 182
152 189
152 192
152 198
153 6
153 8
153 10
153 11
153 12
153 14
153 18
153 20
153 32
153 33
153 36
153 39
153 40
153 42
153 53
153 54
153 63
153 64
153 66
153 83
153 84
153 90
153 93
153 98
153 102
153 105
153 109
153 110
153 113
153 114
153 115
153 117
153 119
153 121
153 122
153 124
153 128
153 133
153 134
153 136
153 139
153 141
153 142
153 145
153 146
153 148
153 149
153 155
153 156
153 162
153 163
153 168
153 169
153 176
153 177
153 179
153 180
153 181
153 190
153 192
153 196
154 2
154 4
154 5
154 14
154 17
154 18
154 24
154 25
154 26
154 28
154 30
154 31
154 37
154 38
154 40
154 45
154 47
154 50
154 52
154 55
154 56
154 59
154 73
154 74
154 76
154 77
154 80
154 82
154 85
154 87
154 90
154 95
154 96
154 97
154 100
154 101
154 102
154 104
154 107
154 110
154 115
154 118
154 120
154 121
154 123
154 126
154 136
154 138
154 144
154 146
154 147
154 148
154 152
154 153
154 155
154 156
154 157
154 158
154 162
154 164
154 166
154 167
154 169
154 173
154 175
154 181
154 191
154 196
154 198
154 200
155 2
155 3
155 4
155 5
155 11
155 13
155 14
155 22
155 25
155 26
155 28
155 29
155 33
155 36
155 38
155 40
155 47
155 53
155 57
155 58
155 61
155 71
155 72
155 77
155 84
155 85
155 90
155 92
155 99
155 104
155 107
155 109
155 110
155 113
155 115
155 119
155 125
155 126
155 127
155 129
155 131
155 132
155 135
155 137
155 144
155 146
155 147
155 148
155 153
155 155
155 158
155 165
155 174
155 176
155 181
155 185
155 187
155 190
155 191
155 192
155 197
156 1
156 2
156 3
156 6
156 8
156 10
156 11
156 13
156 15
156 21
156 26
156 27
156 31
156 33
156 36
156 39
156 41
156 42
156 46
156 47
156 53
156 56
156 57
156 66
156 68
156 69
156 76
156 81
156 82
156 83
156 92
156 97
156 98
156 102
156 104
156 106
156 108
156 109
156 114
156 126
156 130
156 131
156 133
156 136
156 138
156 140
156 143
156 146
156 151
156 160
156 161
156 163
156 165
156 167
156 168
156 172
156 174
156 176
156 177
156 180
156 182
156 184
156 186
156 190
156 200
157 8
157 9
157 13
157 16
157 18
157 21
157 23
157 27
157 40
157 42
157 43
157 44
157 47
157 51
157 60
157 69
157 79
157 82
157 84
157 90
157 92
157 93
157 94
157 95
157 101
157 109
157 111
157 116
157 121
157 129
157 131
157 133
157 139
157 143
157 144
157 145
157 147
157 153
157 154
157 159
157 166
157 170
157 177
157 187
157 190
157 192
157 194
157 198
157 200
158 3
158 6
158 10
158 15
158 18
158 21
158 24
158 25
158 26
158 27
158 28
158 29
158 30
158 31
158 32
158 35
158 36
158 37
158 41
158 42
158 48
158 51
158 55
158 60
158 63
158 68
158 72
158 73
158 76
158 79
158 81
158 82
158 83
158 91
158 96
158 99
158 102
158 108
158 109
158 110
158 111
158 113
158 118
158 120
158 138
158 140
158 141
158 144
158 145
158 147
158 148
158 155
158 156
158 157
158 159
158 161
158 170
158 173
158 174
158 177
158 180
158 181
158 183
158 193
158 194
159 1
159 2
159 6
159 7
159 11
159 13
159 15
159 17
159 19
159 21
159 24
159 26
159 30
159 31
159 34
159 36
159 37
159 46
159 47
159 50
159 51
159 56
159 58
159 59
159 64
159 65
159 66
159 77
159 79
159 81
159 82
159 83
159 91
159 99
159 107
159 109
159 113
159 114
159 115
159 116
159 118
159 119
159 124
159 126
159 129
159 131
159 132
159 133
159 135
159 136
159 140
159 142
159 143
159 147
159 149
159 150
159 156
159 157
159 159
159 162
159 169
159 179
159 181
159 186
159 191
159 194
159 196
160 14
160 16
160 22
160 24
160 26
160 27
160 36
160 37
160 39
160 48
160 51
160 55
160 56
160 65
160 68
160 73
160 76
160 79
160 82
160 83
160 84
160 90
160 92
160 93
160 96
160 100
160 104
160 105
160 106
160 114
160 115
160 119
160 121
160 133
160 134
160 135
160 138
160 143
160 145
160 148
160 152
160 153
160 158
160 161
160 164
160 165
160 169
160 175
160 176
160 178
160 180
160 185
160 186
160 189
160 194
160 197
160 198
161 3
161 7
161 23
161 26
161 29
161 39
161 50
161 53
161 55
161 56
161 58
161 59
161 60
161 65
161 72
161 78
161 81
161 83
161 88
161 91
161 93
161 94
161 95
161 96
161 104
161 109
161 117
161 119
161 122
161 125
161 127
161 128
161 131
161 132
161 134
161 137
161 138
161 139
161 141
161 144
161 145
161 146
161 153
161 157
161 163
161 164
161 166
161 168
161 170
161 175
161 176
161 177
161 185
161 186
161 189
161 196
162 5
162 7
162 10
162 17
162 21
162 25
162 27
162 31
162 32
162 36
162 39
162 40
162 43
162 44
162 48
162 53
162 57
162 58
162 60
162 64
162 72
162 77
162 81
162 83
162 87
162 88
162 92
162 95
162 96
162 97
162 99
162 102
162 105
162 106
162 111
162 115
162 117
162 123
162 124
162 125
162 129
162 130
162 135
162 138
162 142
162 144
162 147
162 149
162 150
162 153
162 168
162 172
162 178
162 179
162 180
162 184
162 186
162 192
162 193
163 3
163 6
163 8
163 12
163 13
163 15
163 17
163 19
163 20
163 22
163 24
163 26
163 32
163 33
163 36
163 37
163 39
163 49
163 51
163 53
163 56
163 58
163 61
163 62
163 66
163 70
163 73
163 74
163 79
163 80
163 81
163 82
163 85
163 87
163 89
163 90
163 91
163 93
163 95
163 103
163 104
163 105
163 122
163 127
163 135
163 140
163 141
163 149
163 150
163 154
163 157
163 158
163 163
163 167
163 170
163 174
163 182
163 183
163 188
163 192
163 193
163 198
164 2
164 4
164 5
164 9
164 14
164 15
164 17
164 20
164 26
164 29
164 30
164 32
164 33
164 35
164 39
164 43
164 46
164 48
164 67
164 68
164 69
164 71
164 73
164 74
164 81
164 85
164 94
164 95
164 96
164 107
164 109
164 110
164 112
164 118
164 119
164 121
164 129
164 136
164 138
164 144
164 146
164 148
164 151
164 152
164 156
164 158
164 163
164 167
164 168
164 170
164 171
164 176
164 179
164 182
164 184
164 185
164 188
164 191
164 192
164 196
164 197
164 198
165 1
165 4
165 6
165 10
165 11
165 19
165 21
165 22
165 24
165 29
165 31
165 32
165 33
165 38
165 45
165 51
165 52
165 55
165 56
165 59
165 61
165 65
165 67
165 69
165 71
165 72
165 77
165 82
165 85
165 91
165 100
165 107
165 116
165 118
165 122
165 126
165 131
165 134
165 135
165 137
165 143
165 149
165 150
165 154
165 158
165 162
165 163
165 165
165 166
165 167
165 168
165 176
165 178
165 180
165 181
165 189
165 191
165 196
166 2
166 3
166 7
166 14
166 15
166 16
166 17
166 19
166 20
166 27
166 31
166 34
166 38
166 45
166 46
166 50
166 51
166 55
166 56
166 64
166 70
166 71
166 74
166 79
166 89
166 92
166 93
166 97
166 104
166 113
166 127
166 128
166 136
166 144
166 145
166 146
166 155
166 157
166 160
166 163
166 164
166 167
166 168
166 169
166 171
166 175
166 176
166 180
166 181
166 182
166 186
166 191
166 198
167 3
167 11
167 14
167 20
167 23
167 25
167 28
167 29
167 30
167 31
167 35
167 37
167 38
167 44
167 49
167 53
167 61
167 66
167 70
167 74
167 85
167 88
167 89
167 91
167 92
167 97
167 102
167 106
167 110
167 116
167 120
167 129
167 135
167 141
167 144
167 145
167 146
167 147
167 150
167 152
167 158
167 169
167 171
167 173
167 174
167 175
167 178
167 179
167 185
167 187
167 189
167 191
167 193
167 196
167 197
167 198
168 1
168 6
168 7
168 12
168 14
168 17
168 19
168 20
168 26
168 29
168 31
168 33
168 34
168 38
168 39
168 45
168 51
168 52
168 65
168 80
168 85
168 91
168 92
168 93
168 94
168 97
168 99
168 100
168 106
168 108
168 110
168 114
168 116
168 124
168 128
168 133
168 134
168 138
168 139
168 141
168 150
168 153
168 155
168 158
168 164
168 165
168 169
168 170
168 172
168 173
168 179
168 182
168 186
168 189
168 190
168 192
169 2
169 7
169 8
169 9
169 13
169 19
169 21
169 22
169 27
169 28
169 31
169 36
169 38
169 39
169 41
169 44
169 51
169 60
169 61
169 65
169 71
169 74
169 82
169 90
169 93
169 94
169 105
169 107
169 108
169 110
169 112
169 115
169 118
169 123
169 127
169 128
169 129
169 134
169 137
169 140
169 141
169 143
169 144
169 145
169 146
169 148
169 149
169 162
169 163
169 164
169 168
169 170
169 174
169 179
169 180
169 181
169 183
169 184
169 187
169 188
169 190
170 1
170 4
170 6
170 8
170 9
170 10
170 12
170 16
170 22
170 24
170 27
170 30
170 31
170 36
170 40
170 42
170 44
170 47
170 49
170 59
170 61
170 65
170 67
170 72
170 73
170 77
170 81
170 83
170 84
170 89
170 98
170 100
170 108
170 109
170 115
170 125
170 128
170 132
170 134
170 142
170 147
170 148
170 150
170 152
170 154
170 155
170 157
170 163
170 164
170 165
170 166
170 170
170 172
170 176
170 180
170 184
170 187
170 189
170 195
170 200
171 7
171 10
171 18
171 33
171 35
171 38
171 39
171 41
171 42
171 43
171 46
171 48
171 49
171 53
171 54
171 64
171 65
171 74
171 79
171 80
171 84
171 86
171 90
171 93
171 94
171 97
171 100
171 101
171 105
171 109
171 113
171 114
171 115
171 116
171 123
171 127
171 135
171 136
171 139
171 145
171 152
171 159
171 163
171 165
171 167
171 174
171 178
171 183
171 184
171 188
171 192
171 195
172 9
172 13
172 18
172 21
172 22
172 23
172 34
172 37
172 39
172 42
172 45
172 50
172 51
172 58
172 59
172 64
172 68
172 78
172 79
172 81
172 85
172 92
172 93
172 96
172 97
172 98
172 102
172 103
172 106
172 110
172 111
172 124
172 130
172 131
172 132
172 135
172 137
172 138
172 141
172 142
172 151
172 152
172 157
172 158
172 162
172 163
172 164
172 167
172 168
172 169
172 170
172 180
172 186
172 187
172 192
172 194
172 197
172 200
173 4
173 6
173 10
173 12
173 14
173 21
173 24
173 26
173 32
173 35
173 44
173 52
173 60
173 61
173 63
173 64
173 68
173 72
173 74
173 75
173 77
173 78
173 79
173 85
173 88
173 89
173 92
173 94
173 100
173 101
173 106
173 109
173 120
173 124
173 126
173 128
173 136
173 141
173 142
173 143
173 144
173 146
173 147
173 149
173 153
173 161
173 164
173 167
173 170
173 184
173 186
173 187
173 189
174 2
174 5
174 8
174 13
174 14
174 19
174 23
174 24
174 26
174 29
174 31
174 37
174 39
174 41
174 50
174 52
174 54
174 57
174 58
174 61
174 62
174 65
174 67
174 71
174 72
174 73
174 74
174 75
174 79
174 84
174 85
174 86
174 88
174 93
174 95
174 97
174 101
174 106
174 109
174 110
174 112
174 122
174 123
174 125
174 127
174 128
174 130
174 136
174 140
174 144
174 146
174 148
174 149
174 153
174 154
174 155
174 157
174 158
174 163
174 167
174 169
174 174
174 176
174 180
174 184
174 188
174 192
174 193
174 195
174 196
174 197
174 200
175 12
175 15
175 17
175 21
175 25
175 27
175 31
175 33
175 38
175 39
175 42
175 43
175 44
175 45
175 55
175 58
175 60
175 63
175 68
175 70
175 72
175 86
175 88
175 90
175 95
175 97
175 100
175 104
175 106
175 110
175 112
175 115
175 116
175 117
175 122
175 124
175 125
175 128
175 130
175 132
175 133
175 144
175 147
175 149
175 150
175 154
175 155
175 156
175 158
175 161
175 165
175 175
175 182
175 183
175 189
175 192
175 193
175 196
176 7
176 10
176 21
176 22
176 25
176 51
176 56
176 69
176 74
176 75
176 77
176 79
176 82
176 89
176 90
176 93
176 95
176 100
176 106
176 109
176 111
176 113
176 114
176 116
176 119
176 123
176 127
176 129
176 133
176 137
176 139
176 142
176 147
176 149
176 150
176 153
176 157
176 165
176 168
176 179
176 180
176 183
176 186
176 200
177 3
177 6
177 14
177 19
177 20
177 23
177 29
177 30
177 33
177 35
177 37
177 41
177 43
177 44
177 46
177 51
177 55
177 56
177 57
177 58
177 62
177 66
177 70
177 74
177 76
177 77
177 79
177 82
177 84
177 88
177 89
177 90
177 92
177 93
177 94
177 95
177 97
177 98
177 102
177 104
177 105
177 111
177 113
177 124
177 125
177 127
177 129
177 131
177 145
177 152
177 153
177 155
177 168
177 176
177 177
177 178
177 181
177 185
177 186
177 187
177 188
177 189
177 190
177 198
177 199
177 200
178 5
178 7
178 13
178 15
178 18
178 19
178 21
178 22
178 29
178 34
178 35
178 36
178 37
178 63
178 64
178 72
178 74
178 75
178 80
178 82
178 85
178 90
178 92
178 100
178 109
178 119
178 124
178 126
178 129
178 131
178 132
178 136
178 141
178 143
178 149
178 151
178 152
178 159
178 164
178 166
178 171
178 172
178 176
178 181
178 182
178 187
178 188
178 193
178 194
178 195
179 2
179 9
179 18
179 23
179 25
179 27
179 29
179 30
179 34
179 37
179 38
179 47
179 50
179 52
179 58
179 60
179 67
179 68
179 74
179 75
179 78
179 80
179 81
179 82
179 85
179 89
179 90
179 97
179 101
179 103
179 105
179 106
179 109
179 113
179 115
179 116
179 117
179 119
179 120
179 122
179 126
179 127
179 129
179 130
179 131
179 132
179 138
179 143
179 144
179 148
179 152
179 155
179 161
179 168
179 171
179 172
179 182
179 183
179 184
179 186
179 190
179 193
179 195
180 3
180 7
180 12
180 17
180 19
180 20
180 25
180 26
180 33
180 36
180 37
180 38
180 39
180 45
180 48
180 51
180 52
180 54
180 57
180 59
180 70
180 71
180 73
180 75
180 76
180 79
180 80
180 82
180 83
180 85
180 87
180 90
180 93
180 94
180 95
180 99
180 100
180 102
180 104
180 110
180 120
180 122
180 128
180 140
180 145
180 146
180 156
180 161
180 162
180 163
180 170
180 177
180 184
180 188
180 191
180 199
181 6
181 7
181 9
181 11
181 19
181 24
181 31
181 39
181 41
181 45
181 48
181 50
181 51
181 52
181 55
181 56
181 60
181 63
181 65
181 67
181 68
181 73
181 76
181 77
181 81
181 82
181 83
181 85
181 86
181 90
181 91
181 101
181 102
181 109
181 110
181 111
181 117
181 121
181 122
181 123
181 129
181 133
181 139
181 141
181 142
181 149
181 150
181 156
181 157
181 158
181 160
181 163
181 168
181 170
181 172
181 173
181 174
181 179
181 186
181 188
181 196
181 199
182 1
182 2
182 7
182 9
182 10
182 21
182 23
182 27
182 32
182 34
182 37
182 41
182 43
182 44
182 48
182 51
182 53
182 55
182 56
182 65
182 72
182 73
182 75
182 77
182 79
182 81
182 84
182 85
182 87
182 89
182 93
182 94
182 95
182 98
182 99
182 102
182 106
182 107
182 108
182 122
182 125
182 127
182 130
182 131
182 132
182 133
182 135
182 138
182 142
182 143
182 146
182 147
182 155
182 159
182 160
182 166
182 169
182 170
182 172
182 175
182 177
182 178
182 184
182 186
182 197
183 4
183 5
183 10
183 12
183 13
183 16
183 17
183 18
183 22
183 28
183 31
183 35
183 36
183 41
183 43
183 50
183 53
183 55
183 62
183 67
183 80
183 81
183 85
183 86
183 88
183 93
183 97
183 106
183 111
183 112
183 118
183 121
183 133
183 137
183 140
183 144
183 146
183 147
183 154
183 157
183 160
183 162
183 167
183 168
183 169
183 170
183 175
183 180
183 182
183 183
183 187
183 188
183 193
183 195
183 199
183 200
184 3
184 6
184 7
184 8
184 9
184 10
184 11
184 12
184 25
184 26
184 28
184 29
184 30
184 36
184 46
184 51
184 54
184 59
184 60
184 61
184 68
184 73
184 76
184 77
184 82
184 84
184 88
184 91
184 93
184 94
184 98
184 103
184 107
184 110
184 111
184 118
184 119
184 120
184 122
184 126
184 129
184 135
184 143
184 149
184 160
184 163
184 168
184 169
184 172
184 173
184 174
184 177
184 185
184 187
184 189
184 190
184 191
184 193
185 3
185 4
185 6
185 7
185 8
185 10
185 12
185 14
185 19
185 23
185 26
185 29
185 42
185 46
185 51
185 52
185 56
185 57
185 58
185 59
185 61
185 62
185 67
185 68
185 73
185 81
185 82
185 89
185 91
185 92
185 93
185 94
185 96
185 105
185 113
185 114
185 115
185 117
185 118
185 128
185 131
185 136
185 137
185 139
185 160
185 163
185 164
185 166
185 167
185 171
185 178
185 184
185 188
185 193
185 198
186 3
186 8
186 16
186 22
186 23
186 28
186 31
186 33
186 36
186 39
186 41
186 45
186 46
186 47
186 52
186 54
186 56
186 58
186 59
186 60
186 61
186 64
186 67
186 68
186 70
186 72
186 73
186 78
186 83
186 86
186 93
186 102
186 104
186 106
186 107
186 108
186 119
186 120
186 123
186 124
186 126
186 128
186 131
186 132
186 139
186 142
186 145
186 146
186 152
186 158
186 161
186 164
186 165
186 166
186 175
186 179
186 186
186 195
186 199
187 4
187 5
187 12
187 16
187 18
187 20
187 25
187 28
187 37
187 38
187 43
187 45
187 46
187 52
187 55
187 56
187 62
187 68
187 77
187 79
187 82
187 83
187 84
187 85
187 86
187 88
187 91
187 93
187 94
187 96
187 97
187 98
187 101
187 106
187 107
187 108
187 109
187 115
187 117
187 118
187 120
187 126
187 133
187 134
187 137
187 138
187 139
187 140
187 144
187 145
187 146
187 149
187 154
187 155
187 158
187 159
187 164
187 165
187 167
187 171
187 174
187 177
187 182
187 185
187 190
187 193
187 198
188 4
188 5
188 6
188 7
188 8
188 9
188 10
188 11
188 12
188 15
188 17
188 20
188 24
188 29
188 32
188 34
188 37
188 40
188 42
188 43
188 45
188 54
188 56
188 58
188 59
188 60
188 63
188 67
188 74
188 75
188 77
188 81
188 82
188 87
188 98
188 99
188 102
188 103
188 105
188 106
188 108
188 112
188 115
188 116
188 119
188 122
188 129
188 130
188 137
188 151
188 152
188 156
188 158
188 159
188 163
188 165
188 173
188 175
188 176
188 177
188 182
188 194
188 195
188 199
189 2
189 11
189 15
189 20
189 22
189 25
189 31
189 32
189 35
189 38
189 39
189 46
189 47
189 49
189 50
189 51
189 52
189 54
189 56
189 62
189 68
189 70
189 75
189 76
189 78
189 79
189 80
189 81
189 89
189 96
189 99
189 100
189 101
189 102
189 104
189 110
189 112
189 114
189 117
189 118
189 121
189 126
189 128
189 130
189 132
189 137
189 140
189 141
189 142
189 143
189 144
189 145
189 147
189 150
189 153
189 154
189 167
189 169
189 174
189 175
189 183
189 184
189 185
189 187
189 191
189 194
189 198
190 2
190 4
190 12
190 19
190 22
190 26
190 29
190 32
190 33
190 34
190 36
190 39
190 40
190 43
190 44
190 46
190 47
190 48
190 49
190 53
190 55
190 56
190 61
190 64
190 68
190 73
190 74
190 78
190 81
190 83
190 90
190 91
190 93
190 95
190 97
190 100
190 110
190 112
190 115
190 117
190 118
190 123
190 127
190 128
190 131
190 138
190 139
190 141
190 148
190 154
190 156
190 157
190 160
190 163
190 165
190 166
190 168
190 177
190 178
190 181
190 184
190 187
190 193
190 196
190 200
191 4
191 7
191 9
191 11
191 12
191 13
191 14
191 17
191 19
191 22
191 23
191 24
191 36
191 38
191 39
191 40
191 41
191 42
191 43
191 44
191 47
191 48
191 62
191 64
191 65
191 69
191 75
191 79
191 83
191 85
191 89
191 99
191 107
191 108
191 110
191 115
191 117
191 119
191 122
191 130
191 140
191 141
191 143
191 144
191 160
191 162
191 171
191 174
191 177
191 181
191 190
191 196
191 199
192 3
192 7
192 12
192 15
192 18
192 21
192 22
192 25
192 30
192 31
192 32
192 33
192 37
192 38
192 43
192 46
192 49
192 50
192 52
192 57
192 61
192 66
192 67
192 70
192 71
192 72
192 75
192 79
192 87
192 91
192 93
192 97
192 98
192 99
192 103
192 107
192 115
192 125
192 129
192 130
192 131
192 132
192 134
192 138
192 148
192 154
192 156
192 161
192 163
192 164
192 171
192 174
192 176
192 180
192 182
192 188
192 190
192 191
192 192
192 196
192 198
193 1
193 10
193 11
193 15
193 16
193 18
193 19
193 21
193 25
193 27
193 31
193 33
193 37
193 39
193 47
193 52
193 54
193 60
193 63
193 64
193 67
193 71
193 78
193 79
193 80
193 88
193 91
193 93
193 100
193 101
193 106
193 112
193 116
193 117
193 118
193 129
193 130
193 134
193 137
193 142
193 146
193 150
193 155
193 159
193 161
193 162
193 165
193 170
193 175
193 178
193 179
193 181
193 191
193 192
193 195
193 198
194 1
194 15
194 20
194 21
194 23
194 29
194 31
194 32
194 33
194 39
194 41
194 43
194 47
194 53
194 57
194 58
194 63
194 65
194 67
194 70
194 76
194 77
194 79
194 82
194 85
194 88
194 90
194 92
194 95
194 97
194 98
194 100
194 101
194 107
194 113
194 114
194 116
194 118
194 121
194 127
194 132
194 133
194 138
194 143
194 147
194 148
194 149
194 153
194 155
194 158
194 166
194 168
194 172
194 176
194 178
194 179
194 180
194 182
194 187
194 189
194 190
194 192
194 197
194 198
195 3
195 4
195 8
195 9
195 13
195 16
195 18
195 21
195 26
195 27
195 31
195 35
195 36
195 38
195 49
195 56
195 58
195 59
195 61
195 69
195 70
195 76
195 78
195 80
195 82
195 84
195 85
195 87
195 91
195 92
195 93
195 99
195 102
195 103
195 108
195 113
195 116
195 120
195 123
195 131
195 135
195 139
195 141
195 144
195 146
195 150
195 151
195 153
195 154
195 155
195 161
195 162
195 164
195 166
195 167
195 169
195 170
195 174
195 177
195 181
195 183
195 185
195 187
195 193
195 198
196 2
196 5
196 6
196 11
196 12
196 16
196 24
196 26
196 29
196 32
196 36
196 37
196 38
196 40
196 43
196 52
196 53
196 56
196 59
196 60
196 64
196 68
196 70
196 74
196 76
196 80
196 85
196 89
196 93
196 98
196 99
196 100
196 101
196 108
196 111
196 114
196 121
196 123
196 128
196 131
196 134
196 137
196 141
196 142
196 146
196 150
196 155
196 157
196 163
196 164
196 166
196 169
196 172
196 179
196 183
196 186
196 189
196 190
196 192
196 193
197 2
197 3
197 5
197 7
197 15
197 16
197 20
197 21
197 28
197 31
197 35
197 41
197 43
197 44
197 46
197 52
197 54
197 56
197 67
197 73
197 74
197 76
197 82
197 85
197 90
197 92
197 97
197 98
197 102
197 106
197 110
197 111
197 112
197 115
197 121
197 125
197 126
197 128
197 131
197 135
197 140
197 147
197 152
197 153
197 157
197 160
197 162
197 164
197 165
197 168
197 169
197 170
197 171
197 172
197 173
197 176
197 177
197 184
197 191
197 192
197 194
197 195
197 196
197 200
198 9
198 12
198 13
198 17
198 19
198 23
198 24
198 29
198 30
198 32
198 33
198 36
198 37
198 41
198 50
198 55
198 56
198 60
198 65
198 69
198 70
198 74
198 77
198 79
198 81
198 85
198 86
198 90
198 92
198 96
198 105
198 106
198 108
198 114
198 115
198 117
198 118
198 119
198 120
198 124
198 127
198 128
198 130
198 138
198 140
198 154
198 160
198 161
198 163
198 165
198 170
198 172
198 178
198 189
198 191
198 195
198 197
198 198
199 9
199 10
199 11
199 26
199 28
199 29
199 30
199 31
199 38
199 44
199 45
199 46
199 49
199 53
199 54
199 55
199 57
199 61
199 65
199 66
199 67
199 68
199 69
199 71
199 73
199 74
199 83
199 85
199 92
199 99
199 101
199 102
199 104
199 106
199 109
199 110
199 112
199 115
199 118
199 121
199 122
199 124
199 125
199 128
199 130
199 131
199 134
199 135
199 137
199 141
199 142
199 146
199 148
199 153
199 154
199 155
199 163
199 178
199 182
199 184
199 190
199 193
199 198
200 1
200 3
200 6
200 7
200 14
200 18
200 20
200 22
200 24
200 28
200 29
200 32
200 43
200 44
200 49
200 53
200 57
200 59
200 60
200 62
200 66
200 67
200 69
200 74
200 82
200 86
200 93
200 96
200 98
200 102
200 105
200 110
200 111
200 113
200 115
200 116
200 119
200 121
200 132
200 133
200 135
200 138
200 139
200 142
200 146
200 149
200 151
200 152
200 156
200 161
200 162
200 165
200 167
200 169
200 170
200 171
200 175
200 176
200 181
200 183
200 193
200 195
